Feature	Gain	Cover	Frequency
active_quarter	0.109970785982284	0.00512342658774806	0.00493777056277056
mcaja_ahorro	0.0647907624735413	0.00664420983759378	0.00358495670995671
mpayroll	0.046303480850366	0.0132899218741643	0.00290854978354978
ctarjeta_visa_transacciones_lag1	0.0387825323454961	0.00273095487539038	0.0018262987012987
mcuenta_corriente	0.0331871380680858	0.00531376617395898	0.00480248917748918
Master_status	0.0278248175923902	0.00454593337100937	0.0018262987012987
ctrx_quarter	0.0276375926490291	0.00813315205448139	0.00209686147186147
mpayroll_lag1	0.0255705290367351	0.00541337047403076	0.00162337662337662
mprestamos_personales_lag1	0.0204798822319931	0.00229696939617565	0.00162337662337662
mcomisiones_mantenimiento_tend6	0.0156379149154523	0.00752941809089629	0.00527597402597403
mcuentas_saldo	0.0140582874714826	0.0127365859393704	0.00453192640692641
Visa_status	0.0130756036196902	0.00703156285207565	0.00202922077922078
ctrx_quarter_lag1	0.0127856107538475	0.00385431849417865	0.00155573593073593
mtarjeta_visa_consumo	0.0099774118417749	0.0044005714276581	0.00243506493506494
mpasivos_margen_lag2	0.00867483931326297	0.00514351825551463	0.00290854978354978
mautoservicio	0.00800320920592563	0.00426807981596349	0.00324675324675325
mpasivos_margen	0.00731591738622975	0.00370936571008175	0.00358495670995671
mcomisiones_otras_lag2	0.00642839597656557	0.00222739803483317	0.00480248917748918
thomebanking	0.00610222570404618	0.00354736981939284	0.00960497835497835
Visa_mpagominimo	0.00602889647521332	0.00414072217872242	0.00534361471861472
Visa_fechaalta	0.00539979506801734	0.00336434703978452	0.00716991341991342
mrentabilidad_annual_lag2	0.00520225711629922	0.00306583224131164	0.00466720779220779
cdescubierto_preacordado	0.00499829614656027	0.00389543899924203	0.00324675324675325
Master_mpagominimo_lag1	0.00490708705651383	0.00120532016581437	0.00189393939393939
mrentabilidad_annual	0.00486850221028792	0.00166841050665605	0.00358495670995671
ccomisiones_mantenimiento_tend6	0.00425286853954724	0.00462289362891832	0.00101461038961039
tcallcenter	0.00418868015783416	0.00375832583635053	0.00351731601731602
mactivos_margen	0.00413462787257659	0.00366398280472254	0.00439664502164502
mprestamos_personales	0.00412293520830987	0.00944587132889271	0.0027732683982684
mcomisiones_lag2	0.00401505666546857	0.00175639403444482	0.00453192640692641
Master_cconsumos_delta1	0.00392127742764677	0.000421476246836532	0.00101461038961039
cpayroll_trx	0.00384349888407624	0.00297254847753105	0.000270562770562771
cmobile_app_trx	0.00355726071393927	0.00334097625285085	0.0107548701298701
Visa_mpagospesos_tend6	0.0035251070250228	0.00374434168227923	0.00777867965367965
mrentabilidad_annual_delta2	0.0034095005427578	0.00267537156487401	0.00466720779220779
thomebanking_lag2	0.00333833362992199	0.00224038332075653	0.00865800865800866
mcuenta_corriente_tend6	0.00328202537792638	0.00512071834315966	0.00419372294372294
Master_fechaalta	0.00320670800840306	0.00274745308576905	0.00764339826839827
mcomisiones_lag1	0.00316499635391121	0.0017199327492081	0.00419372294372294
Master_fultimo_cierre	0.00315092022237558	0.00124127682130405	0.0027732683982684
foto_mes	0.00313105040409689	0.00299321361771286	0.00317911255411255
Visa_fechaalta_lag1	0.00312924985854211	0.00298267159705127	0.00703463203463204
Visa_msaldototal	0.00304025533613665	0.00268848479424674	0.00419372294372294
cdescubierto_preacordado_delta2	0.00303502160765433	0.00512527624736143	0.000879329004329004
Master_fechaalta_lag1	0.00303465982991932	0.00412955797621055	0.0082521645021645
mcuenta_corriente_delta2	0.00300277073503635	0.0035711770428645	0.00338203463203463
mcomisiones	0.00299661415939011	0.00150031034956754	0.0036525974025974
Master_fechaalta_lag2	0.00298593005015708	0.00295335241391013	0.00716991341991342
mcuenta_corriente_lag1	0.00293658334161104	0.00268456595783275	0.00405844155844156
Visa_cconsumos_tend6	0.00280856428244689	0.00295104878236216	0.00608766233766234
Visa_fechaalta_lag2	0.0028053290646666	0.00295829284954177	0.00662878787878788
ccajas_consultas_tend6	0.00279420997916119	0.00549425216619025	0.00114989177489178
mcomisiones_mantenimiento_lag2	0.00277830719800545	0.00127177866952803	0.00162337662337662
Master_Fvencimiento_lag2	0.00274856869339042	0.00437557764234879	0.0073728354978355
mprestamos_personales_delta1	0.00268832323613501	0.00665807124388877	0.00162337662337662
Visa_mpagospesos_delta1	0.0025935864547956	0.00297201267374557	0.00534361471861472
Visa_mpagominimo_tend6	0.00259134431773778	0.00263284108403092	0.00568181818181818
cliente_edad_lag1	0.00253930592426812	0.00480374266880544	0.0054788961038961
mprestamos_personales_delta2	0.00251850757973762	0.00444909057117496	0.00155573593073593
Visa_fultimo_cierre_tend6	0.002507624318831	0.00269200940896646	0.00311147186147186
ccaja_seguridad_lag1	0.00249261238679367	0.00365046820960505	0.000473484848484849
cliente_edad_lag2	0.00248698746998958	0.0049654482512615	0.00561417748917749
Visa_cconsumos	0.0024704104766691	0.00259383197061188	0.00405844155844156
mcomisiones_otras_lag1	0.00246500985417971	0.00186196751341635	0.00385551948051948
Master_Fvencimiento	0.00245759718350324	0.00224113734281099	0.00676406926406926
Visa_mpagominimo_lag2	0.0024508956684768	0.00158047828613886	0.00412608225108225
Master_mfinanciacion_limite_lag1	0.00242939621949422	0.00238776443255511	0.00568181818181818
mcuenta_corriente_lag2	0.00238660413724868	0.00323053897442548	0.00317911255411255
Visa_mconsumospesos	0.00236885291192168	0.0028482290101184	0.00500541125541126
numero_de_cliente	0.00232667902119523	0.00505383834046809	0.00541125541125541
cprestamos_personales_delta2	0.002319404037163	0.00202806084178109	0.000270562770562771
mrentabilidad_annual_delta1	0.00230937567807569	0.00221772758832928	0.00405844155844156
Visa_mconsumospesos_tend6	0.0022852782870419	0.00230673206587655	0.00710227272727273
mcuenta_debitos_automaticos	0.00226010149470543	0.00604156956319017	0.00229978354978355
Visa_mpagospesos	0.00224403802322053	0.00238245380521714	0.00561417748917749
cproductos_tend6	0.00222790305434786	0.00426466041362347	0.000879329004329004
Master_mfinanciacion_limite_tend6	0.00222371420389518	0.00207369248998859	0.00656114718614719
Visa_mpagominimo_lag1	0.00220338754915843	0.00457412444363491	0.00432900432900433
ctrx_quarter_delta1	0.00219485762258957	0.00299522564210971	0.00331439393939394
mcomisiones_otras	0.00218544460465987	0.002754558168694	0.00520833333333333
ctrx_quarter_tend6	0.00217563476064595	0.00315001643316705	0.0037202380952381
mrentabilidad_annual_tend6	0.00211932796209039	0.00416905678181656	0.00473484848484849
Master_Fvencimiento_lag1	0.0021184871921132	0.00215773250191627	0.00588474025974026
Visa_Fvencimiento_lag2	0.00211433931486245	0.00338683521175522	0.00629058441558442
Visa_mpagospesos_lag2	0.00210597053295952	0.00183581639193042	0.00568181818181818
Visa_mconsumospesos_lag1	0.00207464571873527	0.00479223555187086	0.00534361471861472
cliente_antiguedad_lag2	0.00207338873532962	0.00460568491024716	0.00534361471861472
mcomisiones_delta1	0.00205664324226562	0.00451511913294197	0.00385551948051948
mtransferencias_emitidas	0.00205007560951199	0.00532327620405679	0.00439664502164502
mprestamos_personales_lag2	0.00204707685954881	0.00163876399611143	0.00175865800865801
mactivos_margen_delta2	0.00199414793929919	0.00264380200583388	0.00378787878787879
Visa_mpagospesos_lag1	0.00198904565731958	0.00198077112440472	0.00541125541125541
Master_msaldototal_lag2	0.00197784219790532	0.000924432337694881	0.00229978354978355
mpayroll_lag2	0.00197223867649725	0.00429041276720118	0.00189393939393939
Visa_mpagominimo_delta2	0.00196367311354247	0.00225928258155324	0.00399080086580087
cproductos_delta2	0.00195715062591553	0.00279045117718855	0.000405844155844156
ctrx_quarter_delta2	0.00194660548198449	0.00198980639987565	0.00263798701298701
tcallcenter_delta2	0.00194522859317775	0.00209290219225132	0.00148809523809524
Visa_Fvencimiento	0.0019387299899538	0.00225165013781156	0.00561417748917749
mprestamos_personales_tend6	0.00193769443542973	0.00460041195153896	0.00121753246753247
mcomisiones_tend6	0.00189918798064743	0.00230240017345339	0.00507305194805195
Visa_msaldopesos	0.00189711819547192	0.00242616110601088	0.00284090909090909
mactivos_margen_tend6	0.00188282391568696	0.00567017051233274	0.00405844155844156
Master_mfinanciacion_limite_lag2	0.00188168657587357	0.00152741292868465	0.00487012987012987
ctarjeta_master_delta2	0.00188034654012234	0.00249011854259986	0.000541125541125541
Visa_mconsumosdolares_tend6	0.00187361486311539	0.00321909225719036	0.00426136363636364
mpasivos_margen_lag1	0.00186193536112304	0.00243088072553698	0.00243506493506494
Visa_mconsumospesos_lag2	0.00181785268646341	0.00194847157329808	0.0054788961038961
Visa_mpagospesos_delta2	0.00181282063074964	0.00247624154928565	0.00568181818181818
Master_msaldototal	0.00180619903450647	0.00224645576365856	0.00284090909090909
Visa_mlimitecompra_lag1	0.00180215849741352	0.0019827013169507	0.00439664502164502
mcaja_ahorro_dolares	0.00180048605975205	0.00622408836251057	0.00324675324675325
Visa_cconsumos_lag1	0.00179854240273815	0.00273345139630113	0.00385551948051948
Master_mlimitecompra_lag2	0.00177148283050197	0.0021904645928061	0.00473484848484849
Master_mpagominimo	0.00174975552215617	0.00300952283548356	0.00290854978354978
Visa_msaldopesos_lag1	0.00174163336270346	0.00158976750013115	0.00297619047619048
Visa_mfinanciacion_limite	0.00172510890641554	0.00238661618880636	0.00446428571428571
mpayroll_delta2	0.00170360259291265	0.00273506660116715	0.00216450216450216
Master_mfinanciacion_limite	0.00170000584097436	0.00255892419162346	0.00507305194805195
ccomisiones_otras_tend6	0.00169584799797207	0.00445780176653807	0.00446428571428571
ctarjeta_visa_transacciones_tend6	0.00169461278274222	0.00324145053733427	0.00270562770562771
Visa_msaldopesos_tend6	0.00168252311092399	0.00149605963953611	0.00338203463203463
mrentabilidad	0.00168066853284189	0.00297266732855255	0.00385551948051948
Visa_msaldototal_delta2	0.00167523584886028	0.00240194862003966	0.00378787878787879
Master_fultimo_cierre_tend6	0.00167428133619909	0.00216798876055895	0.00446428571428571
Master_mlimitecompra_tend6	0.0016691310731952	0.0018640886469477	0.00500541125541126
mpayroll_tend6	0.00166879972556988	0.00276900343875038	0.0018262987012987
Master_mlimitecompra_delta2	0.00165069495672345	0.00217563094618764	0.00473484848484849
Visa_Fvencimiento_lag1	0.00164505512410932	0.00207266634455702	0.00419372294372294
mrentabilidad_annual_lag1	0.00163435011489937	0.00163167190236915	0.00284090909090909
mcomisiones_otras_delta1	0.00158408677842513	0.00152453842255797	0.00270562770562771
Master_mfinanciacion_limite_delta2	0.00158362814236568	0.00424187154207377	0.0045995670995671
mcomisiones_delta2	0.00157803774227116	0.00143332383557801	0.00378787878787879
mcaja_ahorro_lag1	0.00156754712896054	0.00435610945535077	0.00284090909090909
Visa_msaldototal_lag1	0.00155751772324568	0.0008444988558709	0.00331439393939394
Visa_cconsumos_lag2	0.00155207180406246	0.00116164014230426	0.0036525974025974
Visa_mfinanciacion_limite_lag1	0.00154773163564743	0.00278459630309637	0.00385551948051948
Master_mlimitecompra_delta1	0.00154765196068426	0.00159593736190327	0.00446428571428571
Visa_mconsumospesos_delta1	0.00153099890278557	0.00146240206938047	0.00439664502164502
mcuentas_saldo_delta1	0.00152607815301334	0.00405412719456195	0.00209686147186147
Visa_mlimitecompra_delta2	0.00149446726561479	0.0012671408818528	0.00344967532467532
Visa_mfinanciacion_limite_tend6	0.00148729285603646	0.0020909193935155	0.00432900432900433
mcomisiones_otras_tend6	0.00148198180826262	0.00286053366286942	0.00412608225108225
mcomisiones_mantenimiento	0.00146597723270166	0.00172344567366341	0.0018262987012987
mactivos_margen_delta1	0.00146518855295609	0.00212334883644892	0.00290854978354978
internet_lag2	0.00145897120241535	0.00597740689751488	0.00142045454545455
mcuentas_saldo_lag1	0.00144038617385116	0.00392554532685346	0.00311147186147186
Visa_msaldopesos_lag2	0.00142367844725646	0.00182853335720278	0.00297619047619048
Visa_cconsumos_delta2	0.00142175271259994	0.00194945615334508	0.00311147186147186
mrentabilidad_tend6	0.00142141427644611	0.00299439498387744	0.00351731601731602
cliente_edad	0.00141145889334652	0.0019896407877965	0.0036525974025974
mrentabilidad_delta1	0.00139519868347221	0.00256025883014364	0.00378787878787879
Visa_mconsumospesos_delta2	0.00139236953846501	0.00119703956185705	0.00392316017316017
mtransferencias_emitidas_lag2	0.00139138881575089	0.00300460383200334	0.0036525974025974
chomebanking_transacciones_lag1	0.00139041368959533	0.00187000586911673	0.00331439393939394
Visa_mlimitecompra_delta1	0.00137867740778467	0.00150179176585198	0.00453192640692641
Visa_mfinanciacion_limite_delta1	0.00137718072965272	0.0012513181089734	0.00317911255411255
mcuentas_saldo_lag2	0.00136902405373353	0.00173725382430942	0.00257034632034632
Visa_mconsumosdolares_lag2	0.00136576400884401	0.00210640639602267	0.00324675324675325
Visa_mfinanciacion_limite_lag2	0.00136209132821528	0.00250159123820034	0.00412608225108225
chomebanking_transacciones	0.00135492584128575	0.00312482521228103	0.00270562770562771
chomebanking_transacciones_tend6	0.00134323390373906	0.00234547360213243	0.00358495670995671
Visa_mpagominimo_delta1	0.00134249095107962	0.00173190098212775	0.00351731601731602
Master_msaldopesos	0.00134126954219327	0.000803639433379353	0.00270562770562771
ccajas_transacciones	0.00132122521873372	0.000836045495783955	0.00101461038961039
mcuentas_saldo_delta2	0.00131261157751834	0.00319199292536892	0.00257034632034632
ctrx_quarter_lag2	0.00130717375605519	0.00438906171288699	0.00250270562770563
mcuentas_saldo_tend6	0.00130165655595659	0.0028842109945143	0.00290854978354978
Master_mfinanciacion_limite_delta1	0.00128765905166267	0.00127337439062004	0.00378787878787879
Visa_msaldototal_tend6	0.00128627666414143	0.00192277507320588	0.00344967532467532
Visa_msaldototal_lag2	0.00128491343533751	0.000926372272127864	0.00243506493506494
cliente_antiguedad_lag1	0.00128419465149734	0.00185621200657166	0.00331439393939394
Master_cconsumos_tend6	0.00127781135147895	0.00200897973242688	0.00331439393939394
mpasivos_margen_delta2	0.0012631329236472	0.00189213748802291	0.00304383116883117
ctarjeta_debito_transacciones_lag1	0.00124722962276328	0.00199482347168509	0.00114989177489178
Visa_mlimitecompra	0.00122700362221423	0.00141096230813843	0.00324675324675325
Visa_msaldototal_delta1	0.00122267425724172	0.00321211641663305	0.00351731601731602
Master_mconsumospesos_tend6	0.00120609460766778	0.00197348938859535	0.00290854978354978
Visa_msaldopesos_delta2	0.00120389668348334	0.000850961623712417	0.00297619047619048
mtransferencias_emitidas_lag1	0.00120243966124413	0.00172892256253965	0.00297619047619048
mrentabilidad_lag1	0.00120188959434913	0.00179362038254129	0.00284090909090909
Visa_mlimitecompra_lag2	0.00119605405125516	0.00204121433762013	0.00311147186147186
mttarjeta_visa_debitos_automaticos_lag1	0.00119391244124854	0.00204619828701374	0.0027732683982684
mcaja_ahorro_delta2	0.00119263907631671	0.00179123167184678	0.0027732683982684
Master_fultimo_cierre_lag1	0.00118786246214525	0.0013512789621097	0.00284090909090909
Visa_mconsumosdolares	0.00118445549121536	0.0023813477763121	0.00358495670995671
mrentabilidad_lag2	0.00117909170476512	0.00188656642757225	0.00317911255411255
mactivos_margen_lag2	0.00117110896276334	0.00177926733568192	0.00209686147186147
internet_tend6	0.00116777012533035	0.00467288574575088	0.00148809523809524
ctarjeta_visa_transacciones_delta2	0.00116521356244275	0.00131610035866244	0.000541125541125541
ctarjeta_visa_debitos_automaticos_tend6	0.00116468401727533	0.00272515715370199	0.00121753246753247
Master_msaldopesos_lag1	0.00115873877604255	0.00141561893012855	0.00169101731601732
chomebanking_transacciones_delta1	0.00115509479398754	0.00251639176240297	0.00209686147186147
mcuenta_debitos_automaticos_lag1	0.00115231311197806	0.00191192196161915	0.00196158008658009
Visa_msaldopesos_delta1	0.00113891257895416	0.0015693277222688	0.00284090909090909
cdescubierto_preacordado_lag2	0.00113378267188992	0.00227616072552524	0.00216450216450216
cproductos	0.00113280895918597	0.00279387642466078	0.000338203463203463
mcuenta_debitos_automaticos_lag2	0.00112802549775365	0.0012648443943553	0.00202922077922078
mcomisiones_otras_delta2	0.00112702294244467	0.00169330622363614	0.00317911255411255
mrentabilidad_delta2	0.00112683321892725	0.00084387407618408	0.00290854978354978
mcuenta_corriente_delta1	0.00111287407132715	0.00263199094202463	0.00202922077922078
Master_mpagominimo_tend6	0.00110028689492791	0.00130025810200903	0.00243506493506494
ctarjeta_visa	0.00109964896188124	0.0012170656342511	0.000202922077922078
Visa_mfinanciacion_limite_delta2	0.00109683649630801	0.0022636047320894	0.00344967532467532
cproductos_delta1	0.00109510205881738	0.0019152556353535	0.000338203463203463
ccomisiones_mantenimiento_delta1	0.00109390956607104	0.0023103989121466	0.000270562770562771
cpayroll_trx_tend6	0.00109153075119592	0.0016509757762063	0.000879329004329004
Master_msaldopesos_tend6	0.00108772623195896	0.00151112839036104	0.00284090909090909
chomebanking_transacciones_delta2	0.00108272102100827	0.00288921247930452	0.00236742424242424
mplazo_fijo_dolares	0.00108223324467906	0.00661293253516391	0.000811688311688312
Visa_mpagado_tend6	0.00107809187253883	0.00310002171849795	0.00311147186147186
ccaja_seguridad	0.00107424031911636	0.00222941135814829	0.000202922077922078
mcomisiones_mantenimiento_delta2	0.00106885071933742	0.00133309670419681	0.00209686147186147
mtransferencias_recibidas	0.00106659240494972	0.00425413268106282	0.00223214285714286
Master_Fvencimiento_tend6	0.00106592279048333	0.00140519705940673	0.00284090909090909
cpagomiscuentas_tend6	0.00105478034030311	0.00337623409031244	0.00196158008658009
ctransferencias_recibidas_tend6	0.00105470786325932	0.00200523884781557	0.0027732683982684
Visa_Finiciomora_tend6	0.00103286844336897	0.00202783872675729	0.000676406926406926
ccallcenter_transacciones_tend6	0.00102349026886291	0.00301065419329482	0.0018262987012987
Master_msaldototal_lag1	0.0010178112188919	0.000637801991913375	0.00155573593073593
mttarjeta_visa_debitos_automaticos_lag2	0.00101521927097429	0.00127005500498664	0.00257034632034632
mtarjeta_visa_consumo_delta2	0.00100556519251248	0.0018289340734884	0.00229978354978355
ccaja_ahorro_tend6	0.00100293473147211	0.00662361483899842	0.000946969696969697
chomebanking_transacciones_lag2	0.000981267133526067	0.000848663837296651	0.0027732683982684
mtransferencias_recibidas_tend6	0.00097411206911573	0.00138382335930982	0.00257034632034632
mttarjeta_visa_debitos_automaticos	0.000972817481139274	0.00110062800288756	0.00257034632034632
ccajas_transacciones_delta2	0.000954192320953597	0.000585942030611697	0.000473484848484849
internet_lag1	0.000945797489437677	0.00403849536266792	0.000811688311688312
mpagomiscuentas	0.0009437221569295	0.00337087280516203	0.00148809523809524
mtransferencias_recibidas_lag1	0.000942357281428324	0.00405579370669956	0.0027732683982684
Master_mpagosdolares	0.000932672507887827	0.000401389774743029	0.00148809523809524
cprestamos_personales_delta1	0.000932556853294484	0.000770780697958417	0.000202922077922078
Master_msaldototal_tend6	0.000917165412720334	0.00090799582593394	0.00216450216450216
mcomisiones_mantenimiento_lag1	0.000909541436801304	0.00171803373070055	0.00142045454545455
mpayroll_delta1	0.000908982243304304	0.00205143292763303	0.00135281385281385
mtransferencias_emitidas_tend6	0.000906229399402688	0.00235023413758397	0.00257034632034632
active_quarter_lag1	0.000895430693021409	0.000658504151265823	0.00101461038961039
mplazo_fijo_dolares_tend6	0.000893488968093399	0.00546545969440671	0.00108225108225108
ctarjeta_debito_transacciones_tend6	0.000892399151078079	0.00192948463551828	0.00189393939393939
mcaja_ahorro_tend6	0.000891827941358425	0.00174689179785662	0.00250270562770563
Master_mconsumospesos	0.000888678375658555	0.00115326082055858	0.00216450216450216
Master_mpagospesos	0.000879513468381116	0.00141878114665155	0.00223214285714286
mtarjeta_visa_consumo_lag1	0.000873474545777903	0.00146625531042195	0.00223214285714286
Visa_mconsumosdolares_lag1	0.000873022003033116	0.00160528242938107	0.00243506493506494
Master_msaldopesos_delta2	0.000866605522453881	0.00206524757287039	0.0018262987012987
mpasivos_margen_tend6	0.00086383651301229	0.00309983012805345	0.00223214285714286
mtransferencias_recibidas_lag2	0.000861840822650027	0.00149820934926935	0.00243506493506494
Master_mpagospesos_tend6	0.000856919914868758	0.00115176251833666	0.00229978354978355
Master_fultimo_cierre_lag2	0.000855965124111669	0.0012353784334499	0.00243506493506494
ctarjeta_visa_transacciones	0.000854592776970844	0.00256450174666546	0.00114989177489178
mcaja_ahorro_dolares_delta2	0.000854368345796008	0.00374787409050855	0.00202922077922078
cprestamos_personales_lag2	0.000852409112494297	0.00417750949244437	0.000879329004329004
mtransferencias_recibidas_delta2	0.000847438176377803	0.00140113469252414	0.00257034632034632
Master_mpagospesos_lag1	0.000845223197062508	0.00206809804900911	0.00284090909090909
Visa_mconsumosdolares_delta2	0.000839730342874834	0.000906704701175731	0.00189393939393939
cliente_antiguedad	0.000836858936527406	0.00139867129402922	0.00236742424242424
cpayroll_trx_lag1	0.000829495549112774	0.000822441275305986	0.000135281385281385
mautoservicio_tend6	0.000816508714378097	0.00113378094329615	0.00209686147186147
Visa_mlimitecompra_tend6	0.000804503841634573	0.0011144692759494	0.00257034632034632
mcomisiones_mantenimiento_delta1	0.000799707594961776	0.00203214918702904	0.00162337662337662
mttarjeta_visa_debitos_automaticos_tend6	0.000798949256840824	0.00226561675648625	0.00223214285714286
tcallcenter_delta1	0.000788718388023251	0.00292998487427213	0.00175865800865801
mautoservicio_lag2	0.000783980966656514	0.000978197162636311	0.00243506493506494
mactivos_margen_lag1	0.000774826816148156	0.0013864699052805	0.00162337662337662
Master_mconsumospesos_lag2	0.000771925006917215	0.00188795562065968	0.00229978354978355
ccaja_ahorro_lag1	0.000770917244724263	0.00225818759345348	0.000473484848484849
mcaja_ahorro_dolares_lag2	0.00076959280519429	0.00168831837748773	0.00196158008658009
ctarjeta_debito_transacciones	0.00076824527203578	0.000562164682260195	0.000744047619047619
Visa_Fvencimiento_tend6	0.000758649816871553	0.000770250089846014	0.00162337662337662
Visa_mpagosdolares_tend6	0.000751546656242168	0.00133887234427466	0.00209686147186147
mpagomiscuentas_lag2	0.000748475671353662	0.00138414419212197	0.00196158008658009
Visa_Fvencimiento_delta2	0.000748289384046625	0.000418388718113934	0.000541125541125541
mcaja_ahorro_lag2	0.000738585605908388	0.00128039439439846	0.00162337662337662
Visa_mconsumosdolares_delta1	0.00073537387799468	0.00128011707534828	0.00189393939393939
Master_fultimo_cierre_delta1	0.00071664013788799	0.000524065461087756	0.00202922077922078
mtransferencias_emitidas_delta2	0.000715078580272936	0.00240272926991861	0.00196158008658009
mpasivos_margen_delta1	0.000709334863766386	0.00372817079930405	0.00189393939393939
mtarjeta_visa_consumo_tend6	0.000707435054503441	0.00134853889402374	0.00202922077922078
mttarjeta_visa_debitos_automaticos_delta2	0.000703348627514269	0.00214821987398192	0.0018262987012987
Master_fechaalta_tend6	0.000698996108809019	0.00108657240831152	0.00202922077922078
Master_msaldopesos_lag2	0.000696942699203957	0.00111558829403712	0.00196158008658009
Visa_fultimo_cierre_lag1	0.000692664201473117	0.00115138518257986	0.00189393939393939
Master_mpagominimo_lag2	0.000688050017553425	0.00149639086369441	0.00196158008658009
mpagomiscuentas_lag1	0.000687585755521429	0.00130265655459055	0.00162337662337662
mtransferencias_emitidas_delta1	0.000683045847274561	0.00228766199732762	0.00196158008658009
Master_mpagospesos_delta1	0.00066902078122117	0.00119201924275194	0.00189393939393939
Master_mconsumospesos_lag1	0.000667903419584277	0.000609457646932233	0.00155573593073593
mcaja_ahorro_dolares_tend6	0.000666219038870492	0.0011181984702963	0.00175865800865801
Master_Fvencimiento_delta2	0.000665812204007667	0.000728349584362813	0.00148809523809524
active_quarter_tend6	0.00063873300802141	0.00214147718925369	0.000744047619047619
Visa_cconsumos_delta1	0.000637557366331181	0.00270797376393705	0.00155573593073593
Visa_fultimo_cierre	0.000630113781065005	0.000942536011052563	0.00175865800865801
Master_status_tend6	0.000613063345022829	0.000731604024082825	0.000744047619047619
Master_mpagominimo_delta2	0.000610751639746047	0.00185374990699502	0.00175865800865801
Visa_fultimo_cierre_lag2	0.000604842160090958	0.00161953545953382	0.00148809523809524
thomebanking_delta1	0.000604293168629772	0.000775693206847296	0.00108225108225108
ccuenta_debitos_automaticos_tend6	0.000591192711297974	0.00415239166044048	0.00114989177489178
mautoservicio_lag1	0.000590140960361387	0.00116102965071839	0.00196158008658009
minversion2	0.000589896282637778	0.00583344323967892	0.000608766233766234
Master_mpagospesos_lag2	0.00058926637888111	0.00113623849665886	0.0018262987012987
Master_cconsumos_lag2	0.000586383544712374	0.00101522932245174	0.00175865800865801
Master_cconsumos_lag1	0.000584390007527108	0.000655833575307194	0.00162337662337662
mcaja_ahorro_dolares_lag1	0.000579173547244748	0.00181534933678444	0.00128517316017316
Visa_mpagado_lag2	0.000575183187987876	0.0010501513895411	0.00148809523809524
mextraccion_autoservicio_lag1	0.000572428362652931	0.00212513030285323	0.00175865800865801
Visa_msaldodolares_lag2	0.000570970982340929	0.0007743027148416	0.00101461038961039
Master_cconsumos_delta2	0.000561446131448769	0.00144526479121404	0.00135281385281385
Master_msaldopesos_delta1	0.000559286283795968	0.000751655425383098	0.00114989177489178
mcuenta_debitos_automaticos_delta2	0.000555776933219688	0.002953807684763	0.00142045454545455
ctarjeta_visa_transacciones_lag2	0.000552295895431993	0.000942712663936986	0.00175865800865801
active_quarter_delta2	0.000551015359563865	0.00412100070266218	0.000744047619047619
mtransferencias_recibidas_delta1	0.000545469058090036	0.00145049878237421	0.00162337662337662
ccaja_ahorro	0.000529642499035374	0.00227322192294431	0.000270562770562771
Master_msaldototal_delta2	0.000525836169257941	0.000556629342061898	0.00135281385281385
ctransferencias_emitidas_tend6	0.000524520559516066	0.00128611353153165	0.00108225108225108
Master_delinquency_tend6	0.000523804132198362	0.00256525446980166	0.000676406926406926
matm_lag2	0.000523749889397476	0.00172108034349772	0.00135281385281385
mcaja_ahorro_delta1	0.000509550998939096	0.00237189489861807	0.00169101731601732
ctarjeta_debito_transacciones_lag2	0.000502127266171463	0.000656386914489283	0.00128517316017316
Master_mconsumospesos_delta2	0.000500372114668394	0.00127501297601489	0.00142045454545455
mtarjeta_visa_consumo_lag2	0.000499386656301882	0.00128757611350121	0.00135281385281385
mttarjeta_visa_debitos_automaticos_delta1	0.000498689331790613	0.00148424273059466	0.00135281385281385
Visa_mpagosdolares	0.000497176868312736	0.000736985442466386	0.00148809523809524
cpayroll_trx_lag2	0.000493046760029051	0.00129686662641176	0.000135281385281385
mtarjeta_visa_consumo_delta1	0.000492863283824334	0.0010016179579233	0.00148809523809524
mpagomiscuentas_tend6	0.000490648804182232	0.00283618543993921	0.00121753246753247
Visa_fechaalta_tend6	0.000489838932507658	0.000690728365112931	0.00128517316017316
ctarjeta_debito_transacciones_delta2	0.00048586634416258	0.00199980612216043	0.00114989177489178
Master_fultimo_cierre_delta2	0.000479786528820501	0.000392140177757913	0.00121753246753247
ccajas_otras_tend6	0.000472571196360047	0.00315671040846024	0.000541125541125541
Master_Fvencimiento_delta1	0.000472231847400164	0.000431366859986816	0.00128517316017316
Master_mpagospesos_delta2	0.000470462792924989	0.0010194748368101	0.00169101731601732
cproductos_lag2	0.000461231170707164	0.000455826789888055	0.000270562770562771
Master_msaldototal_delta1	0.000458569226973827	0.000462881215000562	0.00108225108225108
ccaja_ahorro_delta2	0.000456111668173393	0.00143433309507211	0.000202922077922078
mcuenta_debitos_automaticos_delta1	0.000451630817262779	0.000765177814010194	0.00121753246753247
ccajas_transacciones_delta1	0.000450171028406866	0.000665646253361408	0.000338203463203463
mcaja_ahorro_dolares_delta1	0.000449552422296368	0.00250097879823707	0.00148809523809524
catm_trx_tend6	0.000441073477464959	0.00243988417751035	0.00121753246753247
Visa_mpagado	0.000438960031232247	0.00145603542149077	0.00101461038961039
Visa_msaldodolares_tend6	0.000438798260121263	0.00212174856914297	0.00121753246753247
Master_msaldodolares_tend6	0.000435762016558254	0.00197342249430455	0.000879329004329004
matm_tend6	0.000426715156374074	0.000719435108290793	0.00108225108225108
ctarjeta_debito_tend6	0.000421293209957366	0.0048442403425594	0.000608766233766234
Visa_mpagado_lag1	0.000414413631629649	0.0013227995296287	0.00128517316017316
mautoservicio_delta2	0.000412992562523702	0.000962291908446907	0.00114989177489178
cmobile_app_trx_tend6	0.000400787077130723	0.00197608332837617	0.000879329004329004
mcuenta_debitos_automaticos_tend6	0.000394551193588454	0.000613641462672868	0.000811688311688312
cextraccion_autoservicio_tend6	0.000384082734117234	0.00108211581973464	0.00101461038961039
ccallcenter_transacciones_delta2	0.000382906992273584	0.00335009336017265	0.000608766233766234
cproductos_lag1	0.000379869244707631	0.00238551795341092	0.000541125541125541
Visa_mpagado_delta2	0.000376880771652248	0.00121410280168221	0.00101461038961039
mextraccion_autoservicio_tend6	0.000375971785041087	0.000984340396583946	0.00114989177489178
cseguro_vida	0.000374110951988931	0.00220661274471158	0.000338203463203463
mextraccion_autoservicio_lag2	0.000369008006371366	0.00067888872510179	0.00121753246753247
Master_mpagominimo_delta1	0.000364758648910285	0.000745955122564788	0.00108225108225108
mextraccion_autoservicio	0.000357509591973262	0.000280433206725756	0.00108225108225108
ctarjeta_visa_transacciones_delta1	0.000353816375274579	0.00320118666886851	0.000608766233766234
tcuentas_lag2	0.000343942761001001	0.00451599200601795	0.000744047619047619
mautoservicio_delta1	0.000341206988638871	0.000682193173175113	0.00108225108225108
Master_mpagosdolares_delta2	0.000332120944887427	0.000336369173551841	0.000946969696969697
Master_cconsumos	0.00032881277858868	0.000795772534890326	0.00135281385281385
mpagomiscuentas_delta2	0.000315597572298414	0.000990616769654032	0.000879329004329004
Master_mconsumospesos_delta1	0.000313583687803227	0.000937761187500072	0.00121753246753247
matm	0.000312179014687359	0.000543551183482395	0.000946969696969697
ctarjeta_master_transacciones_tend6	0.000308234570912014	0.000842190678108991	0.000744047619047619
ccajas_consultas_delta1	0.000306948066191727	0.00168994072640423	0.000202922077922078
Visa_fultimo_cierre_delta2	0.000305325349355586	0.000348164000882742	0.000744047619047619
ctransferencias_recibidas_delta2	0.00030201657302041	0.00343856982744405	0.000676406926406926
Visa_msaldodolares	0.000284614734359709	0.00144941093832491	0.000676406926406926
Visa_fultimo_cierre_delta1	0.000279579602817703	0.000194766299667636	0.000879329004329004
mcheques_emitidos	0.000277704048185082	0.00334565365753325	0.000338203463203463
mprestamos_prendarios_lag1	0.000272242293214595	0.0037635312513088	0.000405844155844156
mtarjeta_master_consumo	0.00027055390782253	0.000922296916062592	0.000608766233766234
mprestamos_prendarios_lag2	0.000268647892936962	0.00160061606550394	0.000202922077922078
thomebanking_tend6	0.000266548500271123	0.00335638077404801	0.000676406926406926
Visa_mpagosdolares_lag1	0.000263476035445664	0.000599263086907281	0.000811688311688312
matm_other_tend6	0.000252829005342609	0.00137041852278596	0.000811688311688312
minversion1_pesos	0.000249172704416868	0.00361234171114898	0.000405844155844156
tcallcenter_tend6	0.000247702730298406	0.000682685463198616	0.000338203463203463
Master_mpagado_lag1	0.00024711913728895	0.000988102063887541	0.000608766233766234
mcheques_depositados_tend6	0.000232856838046972	0.00242534928209349	0.000270562770562771
ccomisiones_mantenimiento	0.000227540353182152	0.00107420345910624	0.000135281385281385
mextraccion_autoservicio_delta2	0.000224066081584528	0.000557580799693073	0.000744047619047619
cprestamos_personales_tend6	0.000217428170543622	0.00330471629994564	0.000541125541125541
ctarjeta_master_transacciones_delta2	0.000206740696933549	0.00310321965527331	0.000541125541125541
mplazo_fijo_dolares_delta1	0.00020468178375217	0.00170408659579988	0.000405844155844156
mforex_sell_tend6	0.000204419895198032	0.00206090463964195	0.000473484848484849
cpagomiscuentas_delta2	0.000201981752548107	0.00258030178847517	0.000338203463203463
ccomisiones_mantenimiento_lag2	0.000193393186394582	0.000665370882688631	0.000202922077922078
ctransferencias_emitidas_delta1	0.00018960487645395	0.00197308022934098	0.000405844155844156
ctarjeta_visa_debitos_automaticos_lag2	0.000189019282320809	0.00122176447108492	0.000405844155844156
Visa_mpagado_delta1	0.000185227027502241	0.00188999622125842	0.000608766233766234
ccajas_extracciones_tend6	0.000183814261406571	0.0036276955745337	0.000541125541125541
minversion2_lag1	0.000183252872313224	0.00105420401453669	0.000135281385281385
ccajas_depositos_tend6	0.000174711874172666	0.00239094223609732	0.000338203463203463
mtarjeta_master_consumo_tend6	0.000160452487644974	0.000784151113148179	0.000541125541125541
ccaja_ahorro_lag2	0.000160397967720545	0.00102914658223225	0.000405844155844156
mpagomiscuentas_delta1	0.000155490278975341	0.000522810706041046	0.000473484848484849
cdescubierto_preacordado_tend6	0.000155088728907088	0.00130666371744676	0.000202922077922078
ccomisiones_otras_lag2	0.000152298646894094	0.000801686509763692	0.000338203463203463
mttarjeta_master_debitos_automaticos_lag1	0.000150827802753564	0.00216359581897719	0.000541125541125541
catm_trx_other_tend6	0.000147591597781425	0.000222112425959962	0.000338203463203463
matm_other_lag1	0.000141443779968397	0.000492809590809305	0.000338203463203463
ccajas_consultas	0.000130712076711679	0.000743137119382762	6.76406926406926e-05
cplazo_fijo	0.000128248897651332	0.00297254847753105	0.000270562770562771
cmobile_app_trx_delta1	0.000124589873135968	0.00050484601693802	0.000405844155844156
mttarjeta_master_debitos_automaticos_delta1	0.000121628079784996	0.00147624269298318	0.000270562770562771
catm_trx_lag1	0.000120513595857309	2.58699056809529e-05	6.76406926406926e-05
cliente_edad_delta2	0.000118459773970205	0.00100679869343448	0.000270562770562771
ccajas_transacciones_tend6	0.000117620301611846	0.00157704719353443	0.000338203463203463
matm_other_delta1	0.00011709988596352	0.000630858624312766	0.000338203463203463
ctransferencias_recibidas_lag1	0.000115604792783755	0.000612171736652834	0.000338203463203463
cliente_edad_tend6	0.000113072713031854	0.00149893934133586	0.000202922077922078
ctarjeta_visa_delta2	0.000107878175166426	0.00106592350460805	0.000270562770562771
cforex_buy_tend6	0.000106594775202178	0.0012155238182672	0.000135281385281385
ctarjeta_debito_transacciones_delta1	0.00010375363269031	0.00103471569430551	0.000270562770562771
ccomisiones_otras_lag1	0.000103499369409223	0.00149093800480612	0.000202922077922078
cmobile_app_trx_lag2	0.000101130727399013	0.000120518183101885	0.000135281385281385
mtarjeta_visa_descuentos_tend6	9.31154063646341e-05	0.0010198982841654	0.000202922077922078
cpayroll_trx_delta2	8.7508290858691e-05	0.00118470828128154	0.000135281385281385
ctransferencias_recibidas_lag2	8.7172230431512e-05	0.000931441950127149	0.000202922077922078
ctarjeta_debito_lag2	8.68361369439806e-05	0.000503965350352441	0.000135281385281385
cforex_tend6	8.64428889136406e-05	0.000873666715033837	0.000202922077922078
ctransferencias_emitidas_delta2	8.37705515889175e-05	0.00107941796649239	0.000270562770562771
cextraccion_autoservicio_lag1	8.02996968759528e-05	0.000658778872479466	0.000202922077922078
cmobile_app_trx_lag1	7.9778596683859e-05	0.000286056223907131	0.000270562770562771
ccajas_consultas_delta2	7.39437682769202e-05	0.000448906802816266	0.000135281385281385
ccaja_seguridad_lag2	7.36139309749046e-05	0.000937040287861435	0.000135281385281385
cpagomiscuentas	6.43436467411841e-05	0.00188649173977185	0.000202922077922078
mtarjeta_visa_descuentos	6.32571474294667e-05	0.00135008330784417	0.000135281385281385
ctarjeta_debito_delta2	6.26124141600071e-05	0.000993598436537803	0.000135281385281385
cforex_sell_tend6	6.03949551967336e-05	0.000575022024734169	0.000135281385281385
ccomisiones_otras_delta2	5.84189262636244e-05	0.000200050948640245	0.000135281385281385
catm_trx_lag2	5.66849827335482e-05	0.000430238100012084	0.000202922077922078
mforex_buy_tend6	5.36126559836793e-05	0.0012458535598207	0.000202922077922078
ctransferencias_emitidas_lag1	4.94556268494839e-05	2.10236416237322e-05	0.000135281385281385
ctransferencias_recibidas_delta1	4.75738004735345e-05	0.00148584104952321	0.000202922077922078
cprestamos_personales	4.67435461193232e-05	0.00130600776372151	0.000135281385281385
cpagomiscuentas_lag2	4.22558152521325e-05	0.000292521589585184	0.000135281385281385
ctarjeta_debito	4.15149560908924e-05	0.000792220642886984	0.000135281385281385
matm_delta1	3.91481508749689e-05	0.000120380497765497	0.000135281385281385
cextraccion_autoservicio_delta1	3.66135001944843e-05	9.98536923792038e-05	6.76406926406926e-05
minversion1_pesos_tend6	3.60686782271586e-05	0.00147868660770408	0.000135281385281385
ccallcenter_transacciones_lag1	3.56847658569269e-05	0.00136208206534312	0.000135281385281385
catm_trx_other_delta2	3.50010651279486e-05	5.323291791076e-05	6.76406926406926e-05
mttarjeta_master_debitos_automaticos_delta2	3.02273223453415e-05	0.000106814595376429	0.000135281385281385
catm_trx_delta1	2.87161987841013e-05	0.000130115890182776	6.76406926406926e-05
cseguro_vida_tend6	2.84399445344684e-05	0.000404533806410277	6.76406926406926e-05
ccuenta_debitos_automaticos_lag2	2.77111018389734e-05	9.4359917565477e-06	6.76406926406926e-05
mttarjeta_master_debitos_automaticos_tend6	2.76740742442516e-05	4.91796434560409e-05	6.76406926406926e-05
ccuenta_debitos_automaticos_delta2	2.41731151633094e-05	0.000693985402669479	6.76406926406926e-05
cliente_edad_delta1	2.35325338851697e-05	0.000325697261063467	6.76406926406926e-05
ccomisiones_mantenimiento_lag1	2.14344966937804e-05	0.000363755566310469	6.76406926406926e-05
ccajas_otras	2.02328306720093e-05	0.000718584966284508	6.76406926406926e-05
minversion2_delta1	1.91116102113338e-05	0.000743137119382762	6.76406926406926e-05
mprestamos_prendarios	1.81050372187062e-05	0.000743137119382762	6.76406926406926e-05
ctransferencias_emitidas_lag2	1.5964643881674e-05	0.000743137119382762	6.76406926406926e-05
ccajas_depositos_delta2	1.48664548182826e-05	0.000423727272194657	6.76406926406926e-05
tcuentas_lag1	1.45046773263662e-05	4.23856514562305e-05	6.76406926406926e-05
ctransferencias_emitidas	1.43222016834913e-05	0.000743137119382762	6.76406926406926e-05
Visa_Finiciomora_delta2	1.38067898167421e-05	0.000743137119382762	6.76406926406926e-05
catm_trx_other_delta1	1.27069876026248e-05	0.000471373542635542	6.76406926406926e-05
mforex_sell_lag1	1.20330737103292e-05	0.00067927255544993	6.76406926406926e-05
cpagomiscuentas_delta1	1.1819302554426e-05	0.000336871205462352	6.76406926406926e-05
ccajeros_propios_descuentos_lag2	1.15432884785299e-05	0.000575644856043587	6.76406926406926e-05
