Feature	Gain	Cover	Frequency
mcaja_ahorro_lag1	0.131749479180483	0.0041302342996322	0.00276422764227642
Visa_cconsumos	0.092443587941802	0.00380056758968783	0.00585365853658537
mpayroll	0.0513797907715824	0.00557264318708904	0.00227642276422764
mpasivos_margen_lag2	0.0427012254286573	0.00579043931170694	0.00341463414634146
mcaja_ahorro	0.0351360617775124	0.00492739556640536	0.00373983739837398
ctrx_quarter_lag1	0.0341898439519671	0.00228113781905929	0.00130081300813008
Visa_status	0.0275595849800324	0.00433043400647471	0.00211382113821138
mcomisiones	0.025273736640953	0.00350288507144234	0.00552845528455285
mtarjeta_visa_consumo	0.0244536444795608	0.00341607015601088	0.00211382113821138
mpayroll_lag1	0.0202413080337456	0.0067553460182012	0.0024390243902439
mpasivos_margen	0.0199323415309299	0.00267979167156699	0.0016260162601626
mautoservicio_lag1	0.0193017341586782	0.000973480275652384	0.000487804878048781
mprestamos_personales_lag2	0.0142322922523308	0.00366766578663219	0.00227642276422764
Visa_msaldototal_lag2	0.0138145867636745	0.00456500597481242	0.00650406504065041
ctrx_quarter	0.0134269865387191	0.00610499602124913	0.00341463414634146
cdescubierto_preacordado	0.0126899337443795	0.00793141796973556	0.00439024390243902
mcomisiones_otras_lag2	0.0126217951505782	0.00252644786974498	0.00373983739837398
ccomisiones_mantenimiento_tend6	0.0124723325931063	0.00402226858968205	0.00146341463414634
mcomisiones_mantenimiento_tend6	0.0115352483064175	0.00537451224535493	0.00357723577235772
mprestamos_personales_lag1	0.0107069201223319	0.00386079356617327	0.00195121951219512
mprestamos_personales	0.00929543343126703	0.0136120814561787	0.00504065040650407
mcuenta_corriente_tend6	0.00857891848976843	0.00504431523834403	0.0040650406504065
cproductos_tend6	0.00808322513538621	0.00639578034513737	0.00227642276422764
mcuentas_saldo	0.0074021026928592	0.0112801473302851	0.00552845528455285
mpayroll_delta2	0.006564664414624	0.0041517134970728	0.0024390243902439
mpayroll_lag2	0.00596596992286509	0.00327704870747752	0.00130081300813008
mtransferencias_recibidas	0.00565308726910006	0.0032684751383194	0.0016260162601626
thomebanking	0.00556422762352961	0.00779094340326009	0.0105691056910569
Visa_mpagominimo	0.00542150664258875	0.00471215951153103	0.00715447154471545
mcomisiones_otras_lag1	0.00491962512299823	0.0038537571653093	0.00455284552845528
mcuentas_saldo_delta2	0.00471943073989737	0.0048082134669492	0.00276422764227642
tcallcenter	0.0045045800119079	0.00326997114793601	0.00195121951219512
Master_mconsumospesos_delta2	0.00398772476875532	0.000828519413324054	0.00113821138211382
ctarjeta_debito_transacciones_lag2	0.00395118547395497	0.00284713808874048	0.00146341463414634
Visa_msaldototal	0.00386471777225804	0.0041995515781144	0.00569105691056911
cmobile_app_trx	0.00365621329601088	0.00806169601540975	0.0139837398373984
cpayroll_trx	0.00365347546783685	0.000991482214713935	0.00032520325203252
mautoservicio_delta1	0.00360137796472488	0.000690857500897531	0.000487804878048781
Master_status	0.00336177980911352	0.00702372832377326	0.00455284552845528
mrentabilidad_annual_lag1	0.00332264355083396	0.00497544723932098	0.00422764227642276
cproductos_delta1	0.0032584517015551	0.0014872233220709	0.000487804878048781
cproductos	0.0030576080659847	0.00585012286014719	0.00195121951219512
mrentabilidad_annual	0.00293854072704857	0.00337495437013617	0.0032520325203252
Master_mpagospesos_lag1	0.00285607642873083	0.00189042325882622	0.00178861788617886
mextraccion_autoservicio	0.00279326147617156	0.00182467638730911	0.00130081300813008
Visa_msaldototal_lag1	0.0027734520955938	0.00357080382138634	0.00650406504065041
mtransferencias_recibidas_lag2	0.00264408113095125	0.00172245512899712	0.00260162601626016
Visa_cconsumos_tend6	0.00262607946411945	0.00674187456641472	0.00991869918699187
ctrx_quarter_tend6	0.00262207693262473	0.004943835208717	0.00357723577235772
foto_mes	0.00261746036097274	0.00536581476691492	0.00487804878048781
ccajas_transacciones_delta2	0.00261543389679456	0.000495741107356967	0.00016260162601626
Visa_mpagominimo_lag1	0.00258728172591896	0.00584049822833924	0.00731707317073171
Visa_mpagospesos	0.00252022133094752	0.00584191235384998	0.00634146341463415
mprestamos_personales_delta2	0.00240304385151255	0.00972916315120112	0.00357723577235772
Visa_Fvencimiento	0.00236019807884976	0.00435348763164388	0.00666666666666667
Master_mpagosdolares	0.00232120729586234	0.00168535772979892	0.00260162601626016
mactivos_margen	0.0022115828085292	0.0053217823471743	0.00471544715447155
mcomisiones_otras	0.00220690533963783	0.00342395095963846	0.00439024390243902
mautoservicio	0.00217882073212289	0.00257775454418088	0.00211382113821138
ctrx_quarter_delta2	0.00207097050848488	0.00404212050298713	0.00195121951219512
Visa_msaldodolares	0.0020197579075179	0.000846124496084184	0.000975609756097561
Visa_mconsumosdolares	0.0019963348764014	0.00393669709956181	0.00715447154471545
mcaja_ahorro_dolares	0.0019921077661303	0.00482702384908767	0.00260162601626016
mcuenta_corriente_lag2	0.00197218599430283	0.004116881991386	0.00439024390243902
Visa_mpagosdolares_tend6	0.00195961475853568	0.00268375980133197	0.00341463414634146
ccajas_consultas_tend6	0.00195806249132627	0.00284956818371283	0.000975609756097561
ctarjeta_visa	0.00191798444684564	0.00148852653577688	0.000813008130081301
mcomisiones_otras_delta1	0.00189482831122735	0.00393207476344842	0.00292682926829268
mrentabilidad_annual_delta1	0.00189203010829364	0.00356765539917845	0.0040650406504065
Master_msaldototal	0.00188289478931088	0.00297140176850164	0.00308943089430894
cprestamos_personales_tend6	0.00187954775570361	0.0014872233220709	0.000487804878048781
Master_fechaalta_lag1	0.00187046989124145	0.00675597769558927	0.00975609756097561
mcuenta_corriente	0.00186160375204694	0.00612722950561198	0.00520325203252033
ccajas_transacciones	0.00185173616593064	0.00456785545504654	0.00227642276422764
Master_status_tend6	0.00184993392185957	0.00290121885804319	0.00195121951219512
mcuenta_debitos_automaticos	0.00183394708277926	0.00452592602710406	0.00227642276422764
thomebanking_lag2	0.00181808197006307	0.00526115474864584	0.00878048780487805
mcomisiones_otras_delta2	0.00181224129201033	0.0025787150577401	0.00292682926829268
Visa_mconsumospesos_delta2	0.00178675426492462	0.00394298181299896	0.00569105691056911
Visa_mconsumospesos_lag1	0.00177997145282081	0.00409472432563969	0.00634146341463415
mactivos_margen_delta2	0.00177110925694069	0.00523859502760725	0.00504065040650407
Visa_mpagominimo_delta2	0.00174400602169879	0.00324869514438772	0.00390243902439024
ctrx_quarter_delta1	0.00168720393973238	0.00201535370916368	0.00146341463414634
ccallcenter_transacciones_tend6	0.00164860621658349	0.00301107180167128	0.00130081300813008
Visa_msaldopesos_delta2	0.00158644178263934	0.00251728984736566	0.00390243902439024
mcomisiones_tend6	0.00158535793311263	0.00380824476617386	0.00471544715447155
mprestamos_personales_tend6	0.00158317168989363	0.00544939201079559	0.00195121951219512
Visa_mpagospesos_tend6	0.0015611357616401	0.00505822383861101	0.00829268292682927
Visa_mpagominimo_lag2	0.00155700437875092	0.00466182851437767	0.00601626016260163
mcuentas_saldo_delta1	0.00154722968252971	0.0039075558893585	0.0016260162601626
Visa_mconsumospesos	0.0015309710111401	0.00443966263795176	0.00796747967479675
mcuenta_corriente_delta1	0.00152043446767037	0.00522360806998849	0.00276422764227642
Visa_mconsumospesos_tend6	0.00151501789254192	0.00554535585037239	0.00796747967479675
mrentabilidad_annual_tend6	0.00151059424324868	0.00330845927718613	0.00292682926829268
mcomisiones_mantenimiento_delta1	0.00149990354399958	0.0048518096047078	0.00227642276422764
Master_fechaalta_lag2	0.00149909794992752	0.00630526374822191	0.00861788617886179
Master_Fvencimiento_delta2	0.00149895614560489	0.00158322918682372	0.00195121951219512
mcuenta_corriente_lag1	0.00149810859702676	0.00465588606783804	0.00390243902439024
mrentabilidad_delta2	0.00148532408128135	0.0026377067071483	0.00341463414634146
Visa_mlimitecompra_delta1	0.00146928301423515	0.00352884406599725	0.00682926829268293
mpayroll_tend6	0.00142411548129208	0.00332644648577361	0.00146341463414634
mcuenta_corriente_delta2	0.00140512956564801	0.00243107628187565	0.0016260162601626
mrentabilidad_annual_lag2	0.00140297225177572	0.0040777981444345	0.00390243902439024
Visa_mlimitecompra	0.00140052346299387	0.00276818361422244	0.00439024390243902
ccajas_transacciones_tend6	0.00138295030975397	0.000991482214713935	0.00032520325203252
cproductos_lag1	0.00135864688947335	0.00248692297506985	0.00113821138211382
Visa_mpagospesos_lag2	0.0013575758881235	0.00415876549490931	0.00796747967479675
Visa_Fvencimiento_lag2	0.00132344645757222	0.00416900057489271	0.00585365853658537
ccallcenter_transacciones_delta1	0.00130479147197173	0.000495741107356967	0.00016260162601626
mcuenta_debitos_automaticos_lag1	0.00130335904957684	0.00193035670753218	0.00130081300813008
Visa_msaldopesos	0.00128911526545398	0.00456221108398221	0.00455284552845528
mcomisiones_lag1	0.00127556817311969	0.00295739005491617	0.00373983739837398
Visa_fechaalta_lag2	0.00127338241251238	0.00457252284908062	0.00666666666666667
Master_fechaalta	0.00126159850011254	0.00481176004520623	0.00747967479674797
internet_lag1	0.00125817485211201	0.00354304554274868	0.00130081300813008
Visa_msaldototal_delta2	0.00125297333027113	0.00277526897225023	0.0040650406504065
Master_mfinanciacion_limite	0.00124216060365861	0.00635668999944732	0.0102439024390244
mtarjeta_visa_consumo_delta2	0.0012371825775934	0.00134818887606042	0.00113821138211382
mcomisiones_otras_tend6	0.00122683541952495	0.00551810144059778	0.00617886178861789
Visa_msaldototal_tend6	0.00122665484058149	0.00287245587442409	0.00292682926829268
ccaja_seguridad_lag1	0.0012121116732141	0.000495741107356967	0.00016260162601626
mactivos_margen_tend6	0.00119100788101828	0.00567060863814244	0.00439024390243902
Master_Fvencimiento	0.00118394855844069	0.0052672657291388	0.00747967479674797
cdescubierto_preacordado_tend6	0.00118267039908855	0.0014872233220709	0.000487804878048781
mpagomiscuentas	0.00117803531268149	0.00429591963922965	0.00227642276422764
mcaja_ahorro_lag2	0.0011723657363854	0.00202516203864827	0.00211382113821138
Visa_cconsumos_delta2	0.00116635692833693	0.00372285913997644	0.00585365853658537
Visa_Fvencimiento_lag1	0.00116349767721852	0.00400091720076647	0.00585365853658537
cpagomiscuentas_tend6	0.00114100812320651	0.00310430617105271	0.00130081300813008
numero_de_cliente	0.00108572723869762	0.00486455839676636	0.00650406504065041
Visa_mpagospesos_lag1	0.00108198743355171	0.00348007449909533	0.00715447154471545
mcomisiones_lag2	0.00107974479948175	0.0038816909098881	0.00552845528455285
cliente_antiguedad_lag1	0.00107951543365913	0.00493463256166623	0.00471544715447155
Master_mlimitecompra_delta2	0.00105743299442438	0.00490065802297092	0.00829268292682927
Visa_fechaalta	0.00105013085808047	0.00421167649127116	0.00634146341463415
Master_Fvencimiento_lag2	0.00105011915979216	0.00448544191861742	0.00699186991869919
mactivos_margen_delta1	0.00103825948883652	0.00354996843231246	0.00341463414634146
Master_mfinanciacion_limite_tend6	0.00100871755724129	0.00383378870795937	0.00569105691056911
mrentabilidad_annual_delta2	0.00100085451195766	0.00279988142817542	0.00357723577235772
Visa_cconsumos_lag1	0.00100060929910777	0.00313392048942322	0.00536585365853659
ccallcenter_transacciones_delta2	0.000987199999855119	0.000991482214713935	0.00032520325203252
Visa_mpagospesos_delta2	0.000986556985070284	0.00468492849721524	0.00861788617886179
Master_fechaalta_tend6	0.000965804783823198	0.00188538760294038	0.0024390243902439
tcallcenter_delta2	0.00095116018215023	0.00157533451922055	0.000650406504065041
cliente_edad_lag2	0.000946418493496471	0.00287980768073286	0.00357723577235772
mcomisiones_delta2	0.000934245401930308	0.00237668530611898	0.0032520325203252
mrentabilidad_delta1	0.000929140905976743	0.00174580163065074	0.00211382113821138
Master_mfinanciacion_limite_delta2	0.000928365798001678	0.00541180807270384	0.00650406504065041
mpayroll_delta1	0.000919379342812979	0.00198296442942787	0.000650406504065041
mpasivos_margen_delta2	0.000913976083286303	0.00235800099950859	0.00195121951219512
Visa_msaldopesos_delta1	0.000912105915464121	0.00218919626540215	0.00341463414634146
Visa_mconsumospesos_lag2	0.000910917232476988	0.0038971665726466	0.00585365853658537
mprestamos_personales_delta1	0.000909125331126821	0.00280124789627005	0.000975609756097561
cproductos_delta2	0.000907273049612734	0.000991482214713935	0.00032520325203252
chomebanking_transacciones_delta2	0.00090527463361268	0.00404303335913025	0.00227642276422764
cmobile_app_trx_lag1	0.000901856641749854	0.002139354839887	0.00260162601626016
mcaja_ahorro_delta1	0.000899978126571988	0.00471511210508364	0.00211382113821138
Master_mlimitecompra_lag2	0.000889679369951242	0.00365758667637424	0.00471544715447155
ctarjeta_master_delta2	0.000875334577856304	0.00247870553678484	0.000813008130081301
mpasivos_margen_delta1	0.00087510367805545	0.00311897988947286	0.00211382113821138
Visa_mfinanciacion_limite_lag2	0.000872674731484028	0.00344385312985507	0.00504065040650407
Visa_fechaalta_lag1	0.00085918583349963	0.0036682480736072	0.00552845528455285
ctarjeta_visa_debitos_automaticos_tend6	0.000851910799674197	0.00129052426906626	0.000650406504065041
Visa_msaldopesos_lag1	0.000849539635488984	0.00256257435740225	0.00422764227642276
cliente_edad_lag1	0.000834634613125311	0.00340321261839374	0.00357723577235772
ctarjeta_visa_transacciones_tend6	0.000829457951764788	0.00332172710183105	0.00211382113821138
Visa_mfinanciacion_limite	0.000829444281045607	0.00370818498830706	0.00422764227642276
Visa_msaldopesos_lag2	0.000829259887780714	0.00370191110610084	0.00455284552845528
ctarjeta_visa_delta2	0.000821612371005828	0.0014872233220709	0.000487804878048781
Visa_msaldototal_delta1	0.000821334546299507	0.00324181471324921	0.00520325203252033
ccaja_seguridad_lag2	0.000791972021901485	0.000495741107356967	0.00016260162601626
ccomisiones_otras	0.000787482329328735	0.00109788649441264	0.000487804878048781
Master_msaldopesos	0.000786856433572568	0.00361100068562862	0.00390243902439024
Visa_mlimitecompra_lag2	0.000786192029470066	0.00337792472690751	0.00390243902439024
Master_mfinanciacion_limite_lag1	0.00078307084712565	0.00332135450748692	0.00569105691056911
Master_fultimo_cierre_tend6	0.000780984488146396	0.0048151562859779	0.00520325203252033
Master_mfinanciacion_limite_lag2	0.000773334913803792	0.00379983279898127	0.00634146341463415
ccajas_transacciones_delta1	0.000769667611804301	0.00125808343267121	0.000487804878048781
Master_mlimitecompra_tend6	0.000757164097447557	0.00264922853736665	0.00536585365853659
cliente_edad	0.000756840542218814	0.00301328223928029	0.00341463414634146
Visa_mconsumosdolares_tend6	0.000751285795064252	0.00383468943312384	0.00471544715447155
Visa_mpagospesos_delta1	0.000748610915393609	0.00351982684962007	0.00634146341463415
mcomisiones_mantenimiento_delta2	0.000746541580438596	0.00257187491878066	0.00211382113821138
mactivos_margen_lag1	0.000732954342550759	0.00150925751178456	0.00146341463414634
Visa_cconsumos_lag2	0.000712433346953684	0.00347678613738377	0.00520325203252033
mcuenta_debitos_automaticos_lag2	0.000710281684272633	0.00107254228052554	0.00113821138211382
Visa_mfinanciacion_limite_delta2	0.000701991739523871	0.00308097786586705	0.00422764227642276
Visa_mfinanciacion_limite_lag1	0.000701605912898479	0.00293459594604018	0.00520325203252033
Master_fultimo_cierre_delta1	0.000675375370746246	0.00169398415536399	0.00373983739837398
Visa_Fvencimiento_delta2	0.000671290602721909	0.00137751075119572	0.000975609756097561
mrentabilidad_lag2	0.000669221447043379	0.00272679531457743	0.00292682926829268
cliente_antiguedad	0.000656465842465994	0.00277439727478466	0.00308943089430894
cliente_antiguedad_lag2	0.000654973195118545	0.00374409961708726	0.00292682926829268
Visa_mlimitecompra_delta2	0.000648461186224695	0.00222465814872931	0.00471544715447155
Visa_mconsumospesos_delta1	0.000645587629950919	0.00367715611117656	0.00634146341463415
Visa_fultimo_cierre	0.000641143652965394	0.00172503556145483	0.00227642276422764
chomebanking_transacciones	0.000640002688275226	0.00307044817640225	0.0032520325203252
Visa_mconsumosdolares_lag2	0.000638203626772921	0.00357204681344833	0.00504065040650407
Master_msaldopesos_tend6	0.000634989381995495	0.00233745718717145	0.00178861788617886
mrentabilidad	0.000625179453903706	0.0022164372444504	0.00260162601626016
Visa_msaldopesos_tend6	0.000624749298462537	0.00245046765124142	0.0032520325203252
ccomisiones_otras_tend6	0.00061475894777483	0.0043372004930638	0.00373983739837398
Visa_mpagominimo_delta1	0.000597090700955514	0.00247391423346887	0.00308943089430894
mcuentas_saldo_lag1	0.000592392812723684	0.00215457791834012	0.00178861788617886
Master_msaldopesos_delta2	0.000590630144866977	0.000658112523537852	0.00113821138211382
chomebanking_transacciones_lag1	0.000583578060003922	0.00185308540630128	0.00211382113821138
Master_mpagominimo	0.000583140754452175	0.00230863311540988	0.00292682926829268
Visa_mpagominimo_tend6	0.000572834444500252	0.00218625970207132	0.00373983739837398
Master_Fvencimiento_lag1	0.00057277114925396	0.00284454249255945	0.00487804878048781
Visa_cconsumos_delta1	0.000569870230850038	0.00238381875481212	0.00455284552845528
mcomisiones_delta1	0.000567072256794658	0.00339594529568626	0.0032520325203252
ctrx_quarter_lag2	0.000558205827779936	0.00501799578042364	0.00276422764227642
Visa_mconsumosdolares_delta2	0.000557685287731911	0.002087768719693	0.0040650406504065
Visa_mpagado_tend6	0.000540315300281416	0.00312006041307084	0.00276422764227642
chomebanking_transacciones_tend6	0.000528686187237457	0.00185182941676218	0.0024390243902439
Master_msaldopesos_lag2	0.000524969780015359	0.00114165506536771	0.0016260162601626
ccaja_ahorro	0.000521994318778428	0.00346535485625602	0.00113821138211382
cseguro_vida	0.000519640702999548	0.00193354758816533	0.000650406504065041
mactivos_margen_lag2	0.000504587180583287	0.00261190151607265	0.00211382113821138
Visa_mfinanciacion_limite_delta1	0.000501721812846074	0.00215544311706713	0.0040650406504065
ccomisiones_mantenimiento_delta1	0.000496401589810427	0.00198296442942787	0.000650406504065041
ctransferencias_recibidas_tend6	0.000494208332907575	0.00304409795778601	0.00178861788617886
Visa_mlimitecompra_tend6	0.000487488834488444	0.00244207604676299	0.00390243902439024
Visa_mlimitecompra_lag1	0.000482942648268574	0.00293379443495107	0.00487804878048781
mrentabilidad_tend6	0.000482759951334911	0.00310297912863868	0.00292682926829268
mttarjeta_visa_debitos_automaticos_delta1	0.000478939407242377	0.00161692514625941	0.000813008130081301
chomebanking_transacciones_lag2	0.000477959680562544	0.00222829527607695	0.00227642276422764
mttarjeta_visa_debitos_automaticos_tend6	0.000477320613481708	0.00320658851750717	0.00178861788617886
Master_mfinanciacion_limite_delta1	0.000474050620285958	0.00216092805241211	0.00471544715447155
Master_mpagominimo_tend6	0.000468993686703832	0.00191965675111709	0.00178861788617886
Master_cconsumos_tend6	0.000462468883498305	0.00229351055077982	0.0024390243902439
Master_msaldototal_tend6	0.000459758397752054	0.00205119858481667	0.00211382113821138
mcomisiones_mantenimiento	0.000456809210258579	0.0017001930501846	0.00178861788617886
cpayroll_trx_tend6	0.000455336991773763	0.0014872233220709	0.000487804878048781
mcaja_ahorro_tend6	0.000445756275039851	0.00304352606879269	0.00195121951219512
Visa_mconsumosdolares_delta1	0.000443820187439615	0.00244033395157956	0.00390243902439024
mcomisiones_mantenimiento_lag1	0.000440935365397729	0.00205528195887879	0.00260162601626016
mttarjeta_visa_debitos_automaticos_lag1	0.000436469378179602	0.00134403574887109	0.0024390243902439
mextraccion_autoservicio_lag2	0.000429482009963064	0.000705732680213054	0.000487804878048781
Visa_mconsumosdolares_lag1	0.000422250218646988	0.00154878457270588	0.0032520325203252
Visa_fultimo_cierre_lag1	0.000421405326840733	0.00195189612661677	0.0024390243902439
Master_cconsumos_lag1	0.00041966205287339	0.000852035315429488	0.0016260162601626
mpasivos_margen_lag1	0.000418047283008458	0.00155427384054323	0.0016260162601626
mcaja_ahorro_dolares_lag1	0.000412429763201584	0.00174087991931433	0.00130081300813008
mttarjeta_visa_debitos_automaticos_lag2	0.000411591483254451	0.00162189321526422	0.00211382113821138
Master_mpagospesos_tend6	0.000411481255387571	0.00240114395856491	0.00276422764227642
Master_mpagado_lag1	0.000410316236982862	0.00126366671559307	0.00113821138211382
mcaja_ahorro_delta2	0.00040692196787426	0.00312343152538674	0.00146341463414634
cpayroll_trx_lag1	0.000404640578617354	0.000991482214713935	0.00032520325203252
internet_tend6	0.000395719804330101	0.00278516698432696	0.00113821138211382
mpagomiscuentas_delta2	0.000394508328125626	0.00174048696225605	0.000813008130081301
Master_fultimo_cierre	0.00039252209825195	0.00170386353772352	0.00276422764227642
Visa_Fvencimiento_tend6	0.000389484736366208	0.00182642194848643	0.00260162601626016
Visa_fultimo_cierre_tend6	0.000387301164862406	0.00113977909616994	0.00178861788617886
Visa_mpagado_lag1	0.000383799710057797	0.00103240347168107	0.00113821138211382
Master_cconsumos_delta2	0.000381922303000776	0.00134643508314759	0.0016260162601626
mcuentas_saldo_tend6	0.000373962349266307	0.00263024745502867	0.00178861788617886
mcaja_ahorro_dolares_lag2	0.000358335538689487	0.00205320539528412	0.00211382113821138
Master_mlimitecompra_delta1	0.000358175295242714	0.00227109986747889	0.0040650406504065
Master_mpagominimo_lag1	0.000356746272311056	0.00126396825706227	0.00211382113821138
mtarjeta_visa_consumo_delta1	0.000353785455132169	0.000781181735151611	0.00113821138211382
ctarjeta_debito_transacciones_delta1	0.000352098608329891	0.00289572482446423	0.000975609756097561
active_quarter	0.000344106555394204	0.00154037997075033	0.00130081300813008
Master_Fvencimiento_tend6	0.000341889973763816	0.00178814654461185	0.00227642276422764
mtarjeta_visa_consumo_lag1	0.000341588090170685	0.000419692002224667	0.000650406504065041
Master_msaldototal_delta2	0.00033882021199271	0.0016448159991637	0.00178861788617886
Visa_fechaalta_tend6	0.000336460625532162	0.00104446253095376	0.0016260162601626
tcallcenter_delta1	0.000335587074852099	0.00182349968238044	0.000650406504065041
Visa_mpagosdolares	0.000333691451235417	0.00127696746718003	0.00276422764227642
Master_mconsumospesos_lag2	0.000333026538519212	0.00236530601489972	0.00211382113821138
mcomisiones_mantenimiento_lag2	0.000330086880986191	0.000422938772009444	0.000813008130081301
mtransferencias_recibidas_lag1	0.000323467767096722	0.0016673016345827	0.00146341463414634
Master_mpagominimo_lag2	0.000319673113956428	0.0027413069977828	0.00195121951219512
Visa_fultimo_cierre_lag2	0.000314036395378101	0.00136329151122556	0.00113821138211382
mtransferencias_emitidas	0.000309346738629054	0.00165189572495141	0.00113821138211382
cdescubierto_preacordado_lag2	0.000308699449933865	0.00118175531503005	0.000975609756097561
Master_cconsumos_delta1	0.000305753744264983	0.000806465294145474	0.000813008130081301
Visa_mpagado_delta2	0.00030515660312371	0.00202234418560848	0.00113821138211382
Master_msaldototal_delta1	0.000303989646697795	0.00126339290207506	0.0016260162601626
ctarjeta_visa_transacciones_delta2	0.000301174088311533	0.00078050066735048	0.00032520325203252
Master_mpagospesos	0.000295779905625296	0.00183739485192105	0.00178861788617886
Master_mconsumospesos_tend6	0.000289652338768457	0.00161167286575489	0.00227642276422764
ccaja_ahorro_lag1	0.000288175386380313	0.00247870553678484	0.000813008130081301
ctarjeta_visa_transacciones_lag2	0.000287714679577414	0.000920948805622467	0.000975609756097561
ctransferencias_emitidas_tend6	0.00028310527013348	0.000613957494263056	0.000487804878048781
mttarjeta_visa_debitos_automaticos_delta2	0.000281921988553763	0.000789795596488805	0.000487804878048781
Master_fultimo_cierre_lag2	0.00028165535395488	0.00143542447650136	0.00178861788617886
thomebanking_delta1	0.000275739384422359	0.00203186960334108	0.00113821138211382
internet_lag2	0.000266965607502767	0.000991482214713935	0.00032520325203252
Visa_mfinanciacion_limite_tend6	0.000261281245095169	0.00175532271589097	0.00211382113821138
mcuentas_saldo_lag2	0.000261148678229257	0.00149014948742003	0.00146341463414634
Visa_fultimo_cierre_delta2	0.000255357979330049	0.00131337470034311	0.0016260162601626
mtransferencias_emitidas_lag1	0.00025521371283406	0.00144840245740648	0.00113821138211382
Visa_mpagado_lag2	0.000249879262544516	0.000794849015593374	0.00130081300813008
ctarjeta_debito_transacciones_delta2	0.000248866344005326	0.000880089503296269	0.00032520325203252
Visa_mpagosdolares_lag1	0.000248084468846158	0.00106821931963516	0.00195121951219512
cplazo_fijo	0.000247176120814842	0.000495741107356967	0.00016260162601626
mtransferencias_recibidas_tend6	0.000243416147069924	0.00203931932397749	0.00146341463414634
mcaja_ahorro_dolares_delta2	0.000242828868126259	0.00237564550794932	0.00146341463414634
Visa_mpagado	0.000242788731835186	0.000827292884733088	0.00178861788617886
mautoservicio_lag2	0.00024181321828257	0.000792473510024928	0.000650406504065041
Master_fultimo_cierre_delta2	0.000237921592059716	0.00155270114581162	0.00195121951219512
ctarjeta_debito_transacciones_tend6	0.000235264399126561	0.00295122751776396	0.00146341463414634
Master_mpagominimo_delta2	0.000234567921327107	0.00171193063852316	0.00178861788617886
chomebanking_transacciones_delta1	0.000232155768789774	0.00179453177187206	0.00113821138211382
Master_mpagominimo_delta1	0.000225992691858109	0.000830803936552654	0.00130081300813008
mtransferencias_recibidas_delta2	0.000225118871614081	0.000906582260911605	0.000975609756097561
ctarjeta_visa_transacciones	0.000224276683498033	0.00185639586372395	0.00130081300813008
mcaja_ahorro_dolares_tend6	0.00021864686970457	0.000935439692864451	0.000975609756097561
Master_msaldopesos_delta1	0.000216291427054172	0.000812589272115559	0.000975609756097561
mtransferencias_emitidas_delta2	0.000212901619168587	0.00163723673700533	0.000813008130081301
Master_msaldopesos_lag1	0.000211116789609153	0.0007315738309754	0.00178861788617886
Master_cconsumos_lag2	0.000210629692351296	0.00172445500747677	0.00227642276422764
cmobile_app_trx_tend6	0.000206357277856109	0.00182298931477882	0.000813008130081301
Visa_fultimo_cierre_delta1	0.000203054301336516	0.00142678072096679	0.0016260162601626
Master_msaldototal_lag2	0.000199590648592953	0.00120914706481291	0.00178861788617886
mcaja_ahorro_dolares_delta1	0.000198708903653134	0.0016579594812775	0.000813008130081301
Visa_Finiciomora_tend6	0.000197755404144692	0.000991482214713935	0.00032520325203252
mtarjeta_visa_consumo_tend6	0.000187318923450985	0.00103016054037926	0.000975609756097561
Master_mpagospesos_lag2	0.000186779182640508	0.00104412286355167	0.00113821138211382
mautoservicio_delta2	0.000179488933426856	0.00194395033560359	0.000975609756097561
Master_msaldototal_lag1	0.000169172538025731	0.00056920501428994	0.000975609756097561
mtransferencias_emitidas_tend6	0.000166641277776372	0.00212666496972472	0.00130081300813008
ctarjeta_visa_transacciones_delta1	0.00016562110810504	0.000991482214713935	0.00032520325203252
mtarjeta_visa_consumo_lag2	0.00016430993807446	0.00143768603752038	0.00113821138211382
mextraccion_autoservicio_tend6	0.000163660169979441	0.00119747489710919	0.000650406504065041
Master_fultimo_cierre_lag1	0.000161359023778814	0.000671216579971047	0.00130081300813008
ccaja_ahorro_lag2	0.00015974233805336	0.000991482214713935	0.00032520325203252
ccomisiones_otras_lag2	0.000158911871901205	4.63273409509199e-05	0.00016260162601626
ctarjeta_debito_transacciones_lag1	0.000157442468169719	0.00146403885563205	0.000650406504065041
Master_Fvencimiento_delta1	0.000149937946767747	0.000867919532218823	0.0016260162601626
mrentabilidad_lag1	0.000147815002777042	0.000970047641944779	0.000975609756097561
ccuenta_debitos_automaticos_tend6	0.000146020821040389	0.00195597343518957	0.000650406504065041
mtransferencias_emitidas_delta1	0.00014565355892339	0.000949250812053018	0.000487804878048781
mtransferencias_emitidas_lag2	0.000142824550559151	0.0011388822702486	0.00113821138211382
mpasivos_margen_tend6	0.000138117013772574	0.00143527240601905	0.00113821138211382
Master_mpagospesos_delta2	0.000137787420665942	0.000899029426956705	0.00113821138211382
Visa_msaldodolares_tend6	0.000137717697649495	0.000435206224165297	0.00113821138211382
ctransferencias_recibidas_delta2	0.000135864772742428	0.0014872233220709	0.000487804878048781
catm_trx_tend6	0.000130209034755697	0.00140200233058369	0.000487804878048781
mextraccion_autoservicio_lag1	0.000127775011699255	6.90698931676657e-05	0.00016260162601626
Master_mconsumospesos_lag1	0.000126853728287483	0.000767930807226951	0.000813008130081301
Master_mconsumospesos	0.000119894303483555	0.000823694749816812	0.000650406504065041
Visa_msaldodolares_lag2	0.000119126680880593	0.0002117323682918	0.00032520325203252
Master_cconsumos	0.000118460333021941	0.00104028470855789	0.0016260162601626
cprestamos_personales_lag2	0.000112260171676198	0.000991482214713935	0.00032520325203252
ctarjeta_debito_tend6	0.00010728457698608	0.00110788068782006	0.000487804878048781
Visa_mpagado_delta1	0.000106910165277894	0.000748412929083876	0.000650406504065041
mcuenta_debitos_automaticos_delta2	0.000105367273250398	0.00152121649048342	0.000650406504065041
ctransferencias_recibidas_lag1	0.00010001175161147	0.00144072398117275	0.000487804878048781
matm_lag2	9.84005194922346e-05	0.000251944829506619	0.000487804878048781
Master_mpagosdolares_delta2	9.01986530808548e-05	0.000481148406544203	0.000813008130081301
active_quarter_lag1	8.84724291641153e-05	0.000601215200943056	0.000487804878048781
mforex_sell_tend6	8.47716057516337e-05	0.00195049543183239	0.000650406504065041
mpagomiscuentas_lag1	7.9950634475105e-05	0.000439380580567262	0.00032520325203252
Master_mconsumospesos_delta1	7.84654959643317e-05	0.000696713730838928	0.000487804878048781
cliente_edad_delta2	7.80916521237139e-05	0.00122320643581448	0.000650406504065041
cforex_tend6	7.69056288516775e-05	0.000991482214713935	0.00032520325203252
matm_tend6	6.97929947629097e-05	0.000911088486229387	0.000487804878048781
Master_mpagospesos_delta1	6.59277321381674e-05	0.000585759900898708	0.00032520325203252
matm	6.42498136683549e-05	0.000429961308897815	0.00032520325203252
mplazo_fijo_dolares_tend6	6.23229545220574e-05	0.000991482214713935	0.00032520325203252
cpayroll_trx_lag2	6.21409889775841e-05	0.00041832120163766	0.00016260162601626
cpayroll_trx_delta2	5.25580437097275e-05	0.000495741107356967	0.00016260162601626
mtarjeta_master_consumo	5.21861112282415e-05	0.000760086829784545	0.00032520325203252
catm_trx_other_tend6	4.83398070700178e-05	0.00146213905772623	0.000487804878048781
Master_msaldodolares_tend6	4.75394261261093e-05	0.000411909546173967	0.000487804878048781
cextraccion_autoservicio_tend6	4.57937880637538e-05	0.000258659326187226	0.00016260162601626
ctarjeta_debito_lag2	4.48254921425547e-05	0.000991482214713935	0.00032520325203252
ccuenta_debitos_automaticos_delta2	4.44132549141595e-05	0.000495741107356967	0.00016260162601626
ccomisiones_otras_lag1	4.36100657958744e-05	0.000436331805683958	0.00016260162601626
mpagomiscuentas_tend6	4.35653718481765e-05	0.000893662335404288	0.00032520325203252
ctarjeta_debito_transacciones	4.15862938163818e-05	0.000181291410376401	0.00016260162601626
ctransferencias_recibidas	3.71469364708544e-05	0.000991482214713935	0.00032520325203252
matm_other_tend6	3.66313002536018e-05	0.000875289101746319	0.00032520325203252
catm_trx_lag1	3.37102864361123e-05	0.000469389588993012	0.00016260162601626
cprestamos_personales_delta1	3.31226930877198e-05	0.000495741107356967	0.00016260162601626
mautoservicio_tend6	3.07110592489336e-05	0.000695424381108544	0.00032520325203252
mpagomiscuentas_lag2	3.04130284987476e-05	0.000539243230031062	0.00032520325203252
thomebanking_tend6	3.03754439759941e-05	0.000386310581735306	0.00016260162601626
ctarjeta_visa_transacciones_lag1	2.8717193114639e-05	0.000333221086687669	0.00016260162601626
ccomisiones_mantenimiento_lag2	2.25713009289936e-05	0.000495741107356967	0.00016260162601626
mtarjeta_master_consumo_tend6	2.22478975788547e-05	0.000380205233482427	0.00016260162601626
Master_delinquency_tend6	2.09417661610291e-05	0.000391597522178812	0.00032520325203252
mtransferencias_recibidas_delta1	2.05909403475207e-05	5.88959013267375e-05	0.00016260162601626
ctransferencias_recibidas_lag2	1.90002158652311e-05	0.000480663600647597	0.00016260162601626
ctransferencias_recibidas_delta1	1.89658612624017e-05	0.000495741107356967	0.00016260162601626
cproductos_lag2	1.83131141133442e-05	0.000310761012973682	0.00016260162601626
ccomisiones_otras_delta1	1.64849060290175e-05	0.00041598902099295	0.00016260162601626
mcuenta_debitos_automaticos_delta1	1.64064994458507e-05	0.000374901396318664	0.00032520325203252
matm_delta1	1.60966258867834e-05	0.000495741107356967	0.00016260162601626
matm_other_delta1	1.60034083479097e-05	0.000495741107356967	0.00016260162601626
mcuenta_debitos_automaticos_tend6	1.54254493575756e-05	0.000495741107356967	0.00016260162601626
mttarjeta_visa_debitos_automaticos	1.38193423297082e-05	0.00017431826390109	0.00032520325203252
cmobile_app_trx_delta1	9.92817550825457e-06	0.000432837650584649	0.00016260162601626
cmobile_app_trx_lag2	5.25434010367267e-06	4.49626058532354e-05	0.00016260162601626
