Feature	Gain	Cover	Frequency
ctrx_quarter	0.0825298918672892	0.0102213142394015	0.00266024828984039
active_quarter	0.0796801497179122	0.00565474700645623	0.00354699771978718
mcaja_ahorro	0.0784254177082949	0.00808290209125168	0.00367367620977958
mpayroll	0.0666000922502056	0.0152236766610691	0.00354699771978718
ctrx_quarter_lag1	0.0355078125089421	0.00382820308880555	0.00209019508487459
ctarjeta_visa_transacciones_lag1	0.0310203153401719	0.00309835443586679	0.00164682036990119
mpasivos_margen_lag1	0.0287654836369576	0.00321266996757125	0.00316696224980998
mcomisiones_mantenimiento_tend6	0.0240114366607304	0.0092684379251217	0.00481378261971117
Master_status	0.0227542031352752	0.00388252822225417	0.00164682036990119
mprestamos_personales_lag1	0.0184867233424081	0.00299807947579789	0.00171015961489739
Visa_status	0.0152585061343423	0.00639001233814878	0.00177349885989359
mpayroll_lag2	0.0126504842032828	0.0050982178849369	0.00259690904484419
mprestamos_personales	0.0115341511337694	0.0109497627512584	0.00335697998479858
mcuentas_saldo	0.0114289005091504	0.0138444275910794	0.00614390676463137
mpayroll_lag1	0.0103211915193382	0.00650269560161185	0.00196351659488219
cdescubierto_preacordado	0.00924653323079744	0.00598400774747608	0.00399037243476058
mtarjeta_visa_consumo	0.00901558709871206	0.00438919143548922	0.00297694451482138
mpasivos_margen	0.00899973401441951	0.00470904563484255	0.00291360526982518
Visa_mpagominimo	0.00816378563599721	0.00436788057311224	0.00836078033949835
mcuenta_corriente_lag2	0.00802082092214952	0.00333850786013692	0.00449708639473018
mrentabilidad_lag1	0.00729931600498945	0.000850752850155876	0.00228021281986319
mpasivos_margen_lag2	0.00673660248886126	0.00616312478240243	0.00259690904484419
mcomisiones_lag2	0.006606830160055	0.00305073885566914	0.00557385355966557
ccomisiones_mantenimiento_tend6	0.00608905480293397	0.0055521853952244	0.000823410184950595
mrentabilidad_annual_lag2	0.00600793995719469	0.00379726547611197	0.00468710412971877
tcallcenter	0.00560393939687951	0.00575993693278746	0.00418039016974918
thomebanking	0.00542567350250214	0.0046537993708808	0.0106409931593615
Visa_mpagominimo_lag1	0.00491026264236218	0.00367812408319172	0.00500380035469977
mcomisiones_otras_lag2	0.00478153438063738	0.00201310831831541	0.00418039016974918
mautoservicio	0.00472344455159636	0.00387599063606757	0.00342031922979478
cproductos_delta2	0.00469908070285914	0.00505800937456487	0.000886749429946795
ctarjeta_master_delta2	0.00444161136735395	0.00115720269925702	0.000190017734988599
ctrx_quarter_lag2	0.00409819465506726	0.00265201760934339	0.00171015961489739
thomebanking_lag2	0.00392988484037181	0.00280005230681901	0.0100076007093995
mactivos_margen	0.00354787931008318	0.00589866611215253	0.00506713959969597
foto_mes	0.00344103442954749	0.00513775612104152	0.00386369394476818
cmobile_app_trx	0.00338936623229136	0.00403415493144738	0.0136812769191791
mcuentas_saldo_lag1	0.00335037029188851	0.00326697920967398	0.00323030149480618
mrentabilidad_annual_lag1	0.00318380748610145	0.00264414685274684	0.00316696224980998
cdescubierto_preacordado_delta2	0.00297684905754832	0.00335930849680145	0.000633392449961997
mcuentas_saldo_delta2	0.00277753450512973	0.00272706392272712	0.00272358753483658
mprestamos_personales_delta2	0.00275300127843187	0.00460560205391423	0.00152014187990879
cpayroll_trx_lag2	0.00273077774712551	0.00184925775884988	0.000316696224980998
Visa_fechaalta_lag2	0.00270359767085859	0.0029912110090881	0.00620724600962757
Visa_mpagospesos_tend6	0.00265474959671353	0.00298044008186792	0.00855079807448695
mcuenta_corriente_tend6	0.00263061955264908	0.00412476511547916	0.00342031922979478
mtarjeta_visa_consumo_lag1	0.00261616880884622	0.00215765146008134	0.00190017734988599
Master_fechaalta_lag1	0.00256366069603418	0.00394700168269318	0.00912085127945275
mactivos_margen_delta2	0.00253688503422515	0.00265060271201175	0.00411705092475298
mrentabilidad_annual_delta1	0.00251204770902273	0.00219889631322416	0.00392703318976438
mcuenta_debitos_automaticos	0.00245367030826574	0.00677156582298844	0.00234355206485939
Master_fechaalta_lag2	0.00244395598203787	0.00409023208577957	0.00817076260450975
mcomisiones	0.00243273979828962	0.00158428716024333	0.00335697998479858
Visa_Fvencimiento	0.00241710776769683	0.00307862532995322	0.00582721053965037
Visa_mpagominimo_lag2	0.00235977118638901	0.00244776216787457	0.00538383582467697
cproductos_tend6	0.00232987094488044	0.00580712798703081	0.00101342791993919
cliente_edad_lag2	0.00232695567670209	0.0047663555035768	0.00582721053965037
mcuenta_corriente	0.00232044288870586	0.00566236974454739	0.00361033696478338
Visa_cconsumos_tend6	0.00229429589118898	0.0031816381418985	0.00715733468457056
Visa_msaldopesos	0.00229033628953052	0.00246036911309228	0.00367367620977958
ctrx_quarter_tend6	0.00220341086675306	0.00531715465980922	0.00487712186470737
ctrx_quarter_delta1	0.0021918721200639	0.00364186570736771	0.00247023055485179
Visa_mconsumospesos_delta1	0.00216989247406821	0.00229408888035087	0.00614390676463137
mactivos_margen_tend6	0.00215875172372012	0.00811451508614529	0.00513047884469217
ctarjeta_visa	0.00214311947715004	0.00178184269677833	0.000443374714973398
Master_fechaalta	0.00214246159948899	0.00356283463900386	0.00665062072460096
mcomisiones_lag1	0.00211936859645722	0.00231650929919931	0.00418039016974918
mcomisiones_otras_lag1	0.00210196379018637	0.00283815691650577	0.00380035469977198
ccajas_consultas_tend6	0.00207747911401538	0.00556615842863997	0.000823410184950595
mpayroll_tend6	0.00207483852134734	0.00305071388355418	0.00202685583987839
mprestamos_personales_tend6	0.00204088062376198	0.00725850333559832	0.00133012414492019
Visa_mconsumospesos	0.00199351308849811	0.00446343750609813	0.00848745882949075
Visa_msaldototal_lag1	0.00195340323134616	0.0017255061729794	0.00335697998479858
mcuenta_corriente_delta2	0.0019495411404759	0.00417514976269689	0.00272358753483658
mprestamos_personales_delta1	0.00189430077584447	0.00699715255856466	0.00152014187990879
Visa_msaldototal	0.00189027995469955	0.00335333278320142	0.00456042563972637
ccajas_transacciones	0.00187867502033375	0.00171902647669567	0.00107676716493539
ccaja_seguridad_lag1	0.00186223821098036	0.00334014920914739	0.000380035469977198
Visa_Fvencimiento_lag2	0.00184041461058256	0.00222944118265521	0.00627058525462377
mcomisiones_mantenimiento_delta1	0.00181119855987621	0.0023990795973105	0.00202685583987839
Master_Fvencimiento_lag2	0.00180735427318097	0.00335964562035339	0.00665062072460096
mcomisiones_mantenimiento_delta2	0.00178957054230886	0.00187325198848879	0.00228021281986319
numero_de_cliente	0.0017713234233774	0.00406304483071434	0.00576387129465417
Master_Fvencimiento	0.00176980144146118	0.00245704838935083	0.00658728147960476
mcomisiones_otras_tend6	0.00175833609598937	0.00348919868256724	0.00557385355966557
Visa_fechaalta	0.00174296062475775	0.00303424307109467	0.00519381808968837
Visa_Fvencimiento_lag1	0.00172166192733872	0.0018761697531025	0.00513047884469217
Visa_fechaalta_lag1	0.0017130654675948	0.00302392731742443	0.00544717506967317
Visa_mconsumospesos_tend6	0.00170722027480421	0.00285572650202347	0.00817076260450975
ctarjeta_visa_transacciones_tend6	0.00168962953788768	0.00368359354391576	0.00323030149480618
Master_mfinanciacion_limite_lag1	0.00168197071079416	0.00253154191091706	0.00760070939954396
Visa_cconsumos_delta2	0.00167205464437541	0.00176714547202896	0.00316696224980998
Master_msaldopesos	0.0016664889824436	0.00166450951200033	0.00278692677983278
chomebanking_transacciones	0.00166508068198271	0.00437278362086517	0.00392703318976438
mrentabilidad_annual_tend6	0.00164000605076973	0.00505548719095404	0.00494046110970357
Visa_mpagado_lag2	0.00163992429656837	0.000510136607406591	0.00107676716493539
Visa_mconsumospesos_delta2	0.00162304273569483	0.00193627082323146	0.00582721053965037
Visa_cconsumos_lag1	0.00159829735760835	0.00232290783610943	0.00449708639473018
Visa_mpagospesos_delta2	0.00159217271622233	0.0024963499579114	0.00791740562452496
Visa_mpagospesos_lag2	0.00158222891875855	0.00201522186731783	0.00595388902964277
Master_Fvencimiento_lag1	0.00158202714931761	0.0026982841277852	0.00728401317456296
mcuentas_saldo_delta1	0.00157503194489826	0.00555491643652399	0.00291360526982518
mcomisiones_otras_delta2	0.00155910747300954	0.001750299510297	0.00487712186470737
cliente_edad_lag1	0.00155109939453295	0.00398595307409627	0.00418039016974918
ccajas_transacciones_delta2	0.00154842524262921	0.000460908623149905	0.000190017734988599
mcomisiones_tend6	0.00153609646818836	0.00322416338348103	0.00462376488472258
Master_msaldototal_tend6	0.00153003754245713	0.00252718030402028	0.00221687357486699
ctrx_quarter_delta2	0.00150464299795455	0.00253248120296835	0.00367367620977958
Visa_mconsumospesos_lag2	0.00149775276477634	0.00235926610039327	0.00652394223460856
mcuenta_corriente_lag1	0.00149324462859291	0.00143236192076675	0.00278692677983278
Visa_mconsumospesos_lag1	0.00149236715942194	0.00495568329578096	0.00544717506967317
ccaja_seguridad_lag2	0.00148538349495645	0.00543012056220978	0.000696731694958196
Visa_mconsumosdolares_tend6	0.00147358387695376	0.00442076243182585	0.00487712186470737
Master_mfinanciacion_limite_tend6	0.00147115224364295	0.00198640745194381	0.00646060298961236
ctarjeta_visa_transacciones	0.00146897485727226	0.00307793575905152	0.00126678489992399
Master_mfinanciacion_limite	0.00146709366251951	0.00260649968680229	0.00557385355966557
Visa_cconsumos_lag2	0.00146621142181086	0.00251047622930513	0.00582721053965037
Master_msaldototal_lag1	0.00144154556660225	0.00162285999708556	0.00240689130985559
mcomisiones_delta2	0.00143402238832407	0.00161033931917407	0.00430706865974158
Visa_msaldopesos_lag1	0.00141619442343728	0.00214773866553884	0.00392703318976438
mactivos_margen_delta1	0.00140510132165068	0.00283813080929467	0.00342031922979478
Master_mfinanciacion_limite_lag2	0.0013956126642279	0.00248034623751123	0.00513047884469217
ctarjeta_visa_debitos_automaticos_tend6	0.00139499433658837	0.00220216879537989	0.000823410184950595
Visa_mpagominimo_tend6	0.0013871496691297	0.00294637527932382	0.00500380035469977
mcuenta_corriente_delta1	0.00138243566601688	0.00313999657265668	0.00190017734988599
mrentabilidad_delta2	0.00137238459448685	0.00172961522098626	0.00361033696478338
cprestamos_personales_delta2	0.0013720790261366	0.00579985542609713	0.000696731694958196
mtransferencias_recibidas	0.00137204308409441	0.00312611604957607	0.00335697998479858
Visa_mfinanciacion_limite_lag2	0.0013664617079696	0.00183405598386873	0.00475044337471497
ccomisiones_otras_lag2	0.00136248568751509	0.000635282091330222	0.000253356979984799
Visa_mlimitecompra	0.00135583305450501	0.00199158576050935	0.00424372941474538
cliente_antiguedad_lag1	0.00135015378373532	0.00347819449309143	0.00373701545477578
mcuentas_saldo_tend6	0.00134460691666217	0.00214399625358343	0.00342031922979478
mcuentas_saldo_lag2	0.00133718400460966	0.00174084302440056	0.00266024828984039
Visa_msaldopesos_tend6	0.00133440180571288	0.00231208526201514	0.00373701545477578
Visa_mfinanciacion_limite_lag1	0.00132452084852644	0.00247126830617565	0.00443374714973398
Master_mfinanciacion_limite_delta2	0.00132245193748704	0.00407374481442611	0.00601722827463897
tcallcenter_delta2	0.00131463791332712	0.00238593631916925	0.00107676716493539
mtransferencias_emitidas	0.00131295292808827	0.00537891637558295	0.00386369394476818
mcomisiones_otras	0.0012935527494644	0.00230522757871862	0.00411705092475298
mcomisiones_otras_delta1	0.00128678784047934	0.00453189912680568	0.00310362300481378
Visa_mpagospesos	0.00128274783777608	0.00183197648775034	0.00532049657968077
mrentabilidad_annual_delta2	0.0012768850507214	0.00231445931558043	0.00380035469977198
mttarjeta_visa_debitos_automaticos_tend6	0.00127061248734542	0.00227911696233695	0.00171015961489739
Master_mlimitecompra_tend6	0.00126664678339402	0.00191996970764406	0.00557385355966557
cliente_antiguedad	0.00126045878184643	0.0020258282055985	0.00323030149480618
internet_lag1	0.00125929971704979	0.00510959438594483	0.00101342791993919
Master_mfinanciacion_limite_delta1	0.00123905396570361	0.00170446035554983	0.00538383582467697
mprestamos_personales_lag2	0.00123574776266597	0.00385097538745569	0.00158348112490499
mpayroll_delta2	0.001228478940311	0.00384520739644828	0.00209019508487459
Visa_msaldopesos_delta2	0.00122589243485256	0.00201193916929689	0.00418039016974918
Master_cconsumos_tend6	0.00122465318684627	0.0026293849275178	0.00418039016974918
mcaja_ahorro_dolares	0.00121972611923748	0.00650252533719167	0.00272358753483658
Visa_mpagominimo_delta1	0.00120780716595116	0.00168695547051179	0.00399037243476058
mcomisiones_mantenimiento_lag2	0.0011983821512908	0.00194954861026466	0.00171015961489739
Master_mlimitecompra_lag2	0.00119054532954103	0.00147493540393499	0.00487712186470737
Master_cconsumos	0.00117950166400289	0.000740758061887347	0.00145680263491259
Master_mlimitecompra_delta1	0.00117289737963379	0.00252561614154695	0.00551051431466937
mrentabilidad	0.00116121828090768	0.00271097847540526	0.00316696224980998
Master_fultimo_cierre_tend6	0.00115487315797407	0.00339162865658684	0.00399037243476058
Visa_mfinanciacion_limite	0.00114966799521222	0.00151362629077521	0.00386369394476818
ccomisiones_otras_tend6	0.00114649710345652	0.00309665008902085	0.00259690904484419
Master_msaldototal	0.00114028261480412	0.0015357027754949	0.00291360526982518
mcuenta_debitos_automaticos_lag2	0.00113614059577899	0.00132671114540491	0.00221687357486699
Visa_mpagospesos_delta1	0.00113612049468682	0.00192533190178338	0.00601722827463897
mrentabilidad_annual	0.00112839416207785	0.00180477617907956	0.00342031922979478
Master_mlimitecompra_delta2	0.00111912494586559	0.00172338467830404	0.00538383582467697
Visa_msaldopesos_delta1	0.00111699981486001	0.00166711171988864	0.00291360526982518
Visa_mpagospesos_lag1	0.0011114667791982	0.00158848134046027	0.00494046110970357
Visa_cconsumos	0.00110812655345953	0.0029640612121953	0.00380035469977198
mextraccion_autoservicio_lag1	0.00108309190458502	0.00204700739682388	0.00171015961489739
Master_mpagosdolares	0.00108017255392285	0.00053168016449114	0.00190017734988599
Master_msaldototal_lag2	0.00106826526568768	0.00109090059894534	0.00221687357486699
Master_mpagominimo_lag2	0.00104549740112156	0.00200628185016259	0.00228021281986319
Master_mpagominimo	0.00104267799043526	0.00138457948143734	0.00278692677983278
cliente_edad	0.00103797831846084	0.0020267379851503	0.00316696224980998
ccallcenter_transacciones_tend6	0.00103486383262594	0.00439245710706815	0.00177349885989359
chomebanking_transacciones_tend6	0.00102248145902149	0.00202683276567753	0.00304028375981758
cproductos	0.00101649508175128	0.00368632969314795	0.000443374714973398
Visa_msaldototal_delta2	0.000969499987996149	0.00153435598393133	0.00342031922979478
internet_lag2	0.000957435399949006	0.00254413353233695	0.000886749429946795
chomebanking_transacciones_delta2	0.000940020153049098	0.00352666763841868	0.00278692677983278
Visa_mlimitecompra_lag1	0.000931556978577306	0.00120891654404824	0.00367367620977958
Visa_msaldototal_tend6	0.000925069059205495	0.00321283625915495	0.00354699771978718
Visa_mlimitecompra_delta2	0.000914064847547608	0.00119267672365209	0.00348365847479098
Visa_mconsumosdolares	0.000912942441713838	0.00212759354689198	0.00361033696478338
Visa_mlimitecompra_lag2	0.00090476938764688	0.00183957255108235	0.00367367620977958
Master_mpagominimo_lag1	0.000888144602080498	0.00127564260276615	0.00190017734988599
Visa_msaldopesos_lag2	0.000881079909033178	0.00271929645987881	0.00285026602482898
cdescubierto_preacordado_lag2	0.000873455559945117	0.00200796973811458	0.00190017734988599
mtransferencias_emitidas_tend6	0.00087118997516248	0.00274194957343482	0.00247023055485179
mcomisiones_mantenimiento	0.000867953711553524	0.00207549490451117	0.000823410184950595
Visa_mconsumosdolares_delta2	0.00086749824570609	0.00204681670067329	0.00278692677983278
cpagomiscuentas_tend6	0.000863988931763799	0.00357000163599703	0.000886749429946795
Visa_fultimo_cierre_tend6	0.000862578005686961	0.00186502197396567	0.00278692677983278
Visa_msaldototal_lag2	0.000856334081070094	0.00184939226774182	0.00329364073980238
Master_cconsumos_lag2	0.00085259655065942	0.000975931251867407	0.00221687357486699
mtransferencias_emitidas_lag1	0.000847591004462903	0.00173057664741217	0.00316696224980998
ccaja_ahorro_tend6	0.000845749913735363	0.00552169671305201	0.000570053204965797
Master_msaldopesos_tend6	0.000843955520679137	0.00111743460618517	0.00158348112490499
Visa_mconsumosdolares_lag2	0.000842733512894313	0.00209362068713477	0.00316696224980998
mplazo_fijo_dolares_tend6	0.000839746202863387	0.0063373915515461	0.00101342791993919
cliente_antiguedad_lag2	0.000829440370084227	0.00224461003984846	0.00304028375981758
mplazo_fijo_dolares	0.000829365806208687	0.00851229022984294	0.00101342791993919
Master_mconsumospesos_tend6	0.000825972870137208	0.0024372301783907	0.00342031922979478
mrentabilidad_tend6	0.00082571154323308	0.00184876739731978	0.00348365847479098
chomebanking_transacciones_delta1	0.000824615231474294	0.00419328689628183	0.00183683810488979
internet_tend6	0.000823344127689587	0.00330916505751229	0.00114010640993159
Visa_mfinanciacion_limite_delta2	0.000809742047603049	0.00246908665140516	0.00297694451482138
mttarjeta_visa_debitos_automaticos_lag2	0.000804795733550671	0.00162006539040245	0.00335697998479858
mrentabilidad_delta1	0.000804289821885659	0.00121268336057054	0.00323030149480618
Visa_mfinanciacion_limite_tend6	0.000800242703368883	0.00127192005499309	0.00354699771978718
mcaja_ahorro_lag2	0.000797121367088129	0.00164328491692957	0.00190017734988599
chomebanking_transacciones_lag1	0.000795086776864162	0.00192489205203127	0.00285026602482898
ctarjeta_debito_transacciones_lag2	0.000786793850299509	0.00106902502624145	0.00126678489992399
Visa_mlimitecompra_tend6	0.000782563684092956	0.00145762802562436	0.00354699771978718
mpasivos_margen_tend6	0.000770346405757244	0.00123647384045331	0.00253356979984799
Visa_mlimitecompra_delta1	0.000758676321388673	0.00159822330303453	0.00316696224980998
mtransferencias_emitidas_lag2	0.000741771962648187	0.00175797786809875	0.00247023055485179
Visa_msaldototal_delta1	0.000735899547539295	0.000949303031648412	0.00285026602482898
mcaja_ahorro_lag1	0.00072549898479145	0.00233088188645422	0.00177349885989359
mactivos_margen_lag2	0.000725408894661247	0.0015576265897845	0.00183683810488979
Master_mpagominimo_tend6	0.000721522706264189	0.000892296801130134	0.00145680263491259
ctarjeta_debito_transacciones_tend6	0.000709777220866399	0.00319096919967208	0.00190017734988599
Visa_mpagominimo_delta2	0.000708123130679613	0.00172981953829046	0.00348365847479098
cprestamos_personales_tend6	0.000701641246285823	0.00420744040998278	0.000696731694958196
Master_mpagospesos_tend6	0.000690990651800033	0.00202608360222876	0.00329364073980238
mttarjeta_visa_debitos_automaticos_lag1	0.000689037996115027	0.00143374276521436	0.00291360526982518
mpagomiscuentas	0.000685210381594549	0.00353492262505676	0.00240689130985559
mtransferencias_recibidas_lag1	0.000677809472601215	0.00279898815419293	0.00316696224980998
mcaja_ahorro_dolares_lag2	0.000677089592402715	0.00191142754168395	0.00228021281986319
Master_fultimo_cierre	0.000670886457322585	0.00139539978533936	0.00215353432987079
ccaja_ahorro	0.000664969741191375	0.00332645767957318	0.000380035469977198
mcomisiones_delta1	0.000663399760468047	0.00241992450272427	0.00272358753483658
chomebanking_transacciones_lag2	0.000660839914910552	0.00113460350276739	0.00215353432987079
mcaja_ahorro_dolares_delta2	0.000652066305169187	0.00155165257882868	0.00152014187990879
Master_mpagospesos	0.000651101265695958	0.00140442663734889	0.00202685583987839
Master_fultimo_cierre_lag2	0.000637223657990246	0.000908499730901908	0.00240689130985559
tcuentas_lag2	0.000636578250867397	0.00560897368728486	0.00101342791993919
mpasivos_margen_delta1	0.000635284067253985	0.00353776377068139	0.00202685583987839
mpayroll_delta1	0.000633962577471017	0.00262745185880077	0.00139346338991639
mcaja_ahorro_dolares_delta1	0.000621497799258143	0.00177616835120202	0.00114010640993159
Master_mconsumospesos_lag1	0.000620758787989945	0.00150678166108423	0.00202685583987839
mrentabilidad_lag2	0.000618666501142401	0.000971307437763563	0.00266024828984039
ctransferencias_recibidas_tend6	0.000617427474888976	0.00328020307964079	0.00196351659488219
mcaja_ahorro_tend6	0.000616144591159563	0.00157132606503166	0.00259690904484419
mcaja_ahorro_delta2	0.000608387218897971	0.00165234241653473	0.00196351659488219
mttarjeta_visa_debitos_automaticos	0.000595877477554492	0.00123394541381374	0.00272358753483658
Visa_mfinanciacion_limite_delta1	0.00059213508915106	0.000766947567450362	0.00240689130985559
mtransferencias_recibidas_lag2	0.000582857910257244	0.00194615126753413	0.00285026602482898
Master_mconsumospesos	0.000578633888297885	0.0012498730827729	0.00240689130985559
Master_status_tend6	0.000577698601508741	0.000783739612115937	0.000633392449961997
active_quarter_lag1	0.000577426345347243	0.00111022617818309	0.00139346338991639
mactivos_margen_lag1	0.000575354607993221	0.00114238685696159	0.00183683810488979
Visa_mpagosdolares	0.000574253284204798	0.000552470017742387	0.00145680263491259
tcallcenter_delta1	0.000567095494867007	0.00327514736145777	0.00114010640993159
mtarjeta_visa_consumo_delta2	0.000564133571486408	0.000718930730769176	0.00145680263491259
mtransferencias_recibidas_tend6	0.0005594235011442	0.00117853342581635	0.00221687357486699
mcaja_ahorro_delta1	0.000558034808906094	0.00245241662957404	0.00177349885989359
ctarjeta_visa_transacciones_lag2	0.00055794835987278	0.00152900003282074	0.00171015961489739
ccajas_transacciones_delta1	0.000556069304154499	0.000766320994384124	0.000316696224980998
ctransferencias_emitidas_tend6	0.000556012755475967	0.00145818308763412	0.00158348112490499
Master_mconsumospesos_lag2	0.000552837572986181	0.00190210726732366	0.00221687357486699
mtransferencias_recibidas_delta2	0.000543674560175383	0.000906298779497132	0.00171015961489739
Visa_fultimo_cierre_delta2	0.000536366144102402	0.000920276920845307	0.00114010640993159
Visa_mpagosdolares_tend6	0.000533211613493227	0.00151044915669477	0.00215353432987079
mextraccion_autoservicio_lag2	0.000520835771088951	0.000812599998883406	0.00171015961489739
Master_mpagospesos_lag1	0.000518012501422175	0.00199310735687763	0.00202685583987839
mtransferencias_emitidas_delta2	0.000516198015779357	0.00339494483994375	0.00171015961489739
minversion2	0.000512698730819277	0.00384986185814775	0.000380035469977198
Visa_mpagado_tend6	0.000511222125878533	0.00134689769506068	0.00240689130985559
Visa_Finiciomora_tend6	0.000510709579007186	0.00103759534937356	0.000506713959969597
Master_mpagospesos_lag2	0.000509033864379487	0.00104860010639744	0.00196351659488219
Master_msaldototal_delta2	0.000506941232873971	0.0007829189376107	0.00171015961489739
Visa_cconsumos_delta1	0.000501114906268202	0.000807510795364421	0.00183683810488979
Master_Fvencimiento_delta2	0.000492845528022352	0.00101533895191656	0.00139346338991639
ctarjeta_visa_transacciones_delta2	0.000489526745981409	0.00112580026469636	0.000760070939954396
Master_msaldopesos_lag1	0.00048405648924948	0.000477956064445739	0.00183683810488979
cproductos_lag2	0.000477776753604354	0.000248592864030065	0.000190017734988599
mpasivos_margen_delta2	0.00047213783973485	0.00131382383144198	0.00196351659488219
ctarjeta_visa_transacciones_delta1	0.00047142288509376	0.00246388734356113	0.000380035469977198
Master_cconsumos_delta2	0.000465948487767081	0.000770121863790463	0.00171015961489739
mcuenta_debitos_automaticos_lag1	0.000462704554168002	0.000672300414016269	0.00133012414492019
mpagomiscuentas_delta2	0.000462670913270882	0.00268264136795579	0.00107676716493539
Visa_mconsumosdolares_delta1	0.000457686918784597	0.000931920169444835	0.00171015961489739
Visa_fultimo_cierre_lag1	0.000439701905710785	0.00105489818729966	0.00139346338991639
cprestamos_personales_delta1	0.000432672305826838	0.000929607411070812	0.000126678489992399
Master_fultimo_cierre_lag1	0.000432188190993694	0.00084156027411071	0.00171015961489739
ccaja_ahorro_lag2	0.000419777381083649	0.00166860720904584	0.000506713959969597
mtransferencias_emitidas_delta1	0.000418962025583585	0.00435700237930736	0.00133012414492019
mcaja_ahorro_dolares_tend6	0.000411188925988344	0.000687637832985495	0.00145680263491259
ccaja_seguridad	0.000409140595521786	0.00194823360139285	0.000190017734988599
mtarjeta_visa_consumo_tend6	0.0004011287757828	0.000579039780510456	0.00133012414492019
mautoservicio_delta2	0.000399448225875212	0.000816791341360009	0.00152014187990879
mautoservicio_lag2	0.000392740840826201	0.000876045629772644	0.00177349885989359
cpayroll_trx_tend6	0.000392425040132016	0.000794909525627383	0.000760070939954396
Visa_mpagado_delta2	0.00039173431157247	0.00171111201889794	0.00107676716493539
mcaja_ahorro_dolares_lag1	0.000385297286358727	0.00100104298365072	0.00164682036990119
cseguro_vida	0.000382279851833533	0.00348763508764198	0.000443374714973398
Master_fultimo_cierre_delta2	0.000376519771530655	0.00064875681754275	0.00152014187990879
Visa_mconsumosdolares_lag1	0.000374180808145265	0.00113718357628109	0.00164682036990119
mtransferencias_recibidas_delta1	0.000372961435728055	0.000755963242156905	0.00158348112490499
Visa_msaldodolares_tend6	0.000372805907670219	0.00130193086169287	0.00107676716493539
Master_mpagominimo_delta1	0.000371781896276204	0.000647143278387573	0.00114010640993159
catm_trx_tend6	0.000369062755637514	0.0047769493558	0.00114010640993159
mpagomiscuentas_lag1	0.00036879822644454	0.000521637401441241	0.00145680263491259
Master_mpagominimo_delta2	0.000368557544086086	0.000943211538242672	0.00139346338991639
mautoservicio_lag1	0.000367404877239941	0.000492685639434946	0.00145680263491259
Master_delinquency_tend6	0.000365677069776875	0.000847997404289402	0.000506713959969597
Visa_fultimo_cierre_lag2	0.000357500693597691	0.000417014455629186	0.00114010640993159
Visa_fultimo_cierre	0.000347142897878233	0.000355858881191281	0.00126678489992399
Master_msaldopesos_delta2	0.000346534087169002	0.000806209407646229	0.00120344565492779
Visa_mpagado_lag1	0.00033904416797825	0.000669288436423401	0.00114010640993159
ccaja_ahorro_delta2	0.000336981398333614	0.00397219457385012	0.000506713959969597
mttarjeta_visa_debitos_automaticos_delta1	0.000333021310458884	0.000933347552833956	0.00107676716493539
Master_msaldototal_delta1	0.000332269247292251	0.000363516239714548	0.00114010640993159
Master_fultimo_cierre_delta1	0.000331195545961953	0.00070513023196605	0.00164682036990119
mttarjeta_visa_debitos_automaticos_delta2	0.000330178963665607	0.000939811925319875	0.00101342791993919
cplazo_fijo	0.000324005820532543	0.00259764480185713	0.000253356979984799
Master_fechaalta_tend6	0.0003218929336582	0.000410761211024281	0.00126678489992399
ctarjeta_debito_tend6	0.00031988294850454	0.00568552854343132	0.000633392449961997
matm_lag2	0.00031980568963762	0.000988735136264451	0.00133012414492019
Master_mconsumospesos_delta2	0.000317211477758106	0.000857598614942984	0.00139346338991639
Master_msaldopesos_delta1	0.000316937817110457	0.000409355962009783	0.00133012414492019
mcomisiones_mantenimiento_lag1	0.000313098622640919	0.000976210485516491	0.00120344565492779
mtarjeta_visa_consumo_delta1	0.0003069298091825	0.00102180389195054	0.00133012414492019
Master_Fvencimiento_tend6	0.000305879503299086	0.000648236375965087	0.00107676716493539
Visa_fechaalta_tend6	0.000299661082446939	0.000558960497439399	0.00107676716493539
Visa_fultimo_cierre_delta1	0.00029820365066317	0.000568176910503389	0.000950088674942995
cprestamos_personales_lag2	0.000298098717485267	0.00202199158066393	0.000443374714973398
mcuenta_debitos_automaticos_delta2	0.000297381752515513	0.00258984498876899	0.000633392449961997
cpayroll_trx	0.000295907467616011	0.00194823360139285	0.000190017734988599
Master_msaldopesos_lag2	0.000291026083833651	0.000779453489112103	0.00133012414492019
minversion2_lag1	0.000289613584734456	0.00382923829648021	0.000380035469977198
mtarjeta_visa_consumo_lag2	0.00028610912630232	0.000474962248391022	0.00133012414492019
Master_msaldodolares_tend6	0.000284897534403262	0.00178158957034034	0.000633392449961997
Master_mconsumospesos_delta1	0.000275117137782514	0.000381808881469918	0.00114010640993159
matm	0.000274071817642881	0.000275838576546223	0.000823410184950595
ccajas_consultas	0.000271856266652183	0.00129882240092857	0.000126678489992399
Visa_Fvencimiento_tend6	0.000270256342394017	0.000410361657184941	0.000886749429946795
thomebanking_delta1	0.000268054923359932	0.000812736777967612	0.000760070939954396
active_quarter_delta2	0.00026556403978215	0.00161288079941919	0.000380035469977198
mautoservicio_delta1	0.000264831412417436	0.000477801691371449	0.000633392449961997
mplazo_fijo_dolares_delta1	0.00026374249565366	0.00203239246654426	0.000443374714973398
Master_cconsumos_lag1	0.000263166200008374	0.000771596921217232	0.00145680263491259
cmobile_app_trx_lag1	0.000252113401659665	0.000442874783313199	0.000633392449961997
cpayroll_trx_delta2	0.000250941400398699	0.00124519932443914	0.000316696224980998
mextraccion_autoservicio	0.000250737001819184	0.000413565466024538	0.00120344565492779
cmobile_app_trx_tend6	0.000246689914072236	0.00266528801825171	0.000570053204965797
mpagomiscuentas_tend6	0.000240041971487283	0.000645606358221474	0.000570053204965797
cprestamos_personales	0.000229024802960786	0.00128177325698853	0.000253356979984799
mprestamos_prendarios_lag2	0.000228514545773593	0.00282035066344403	0.000316696224980998
mcheques_depositados_tend6	0.000226512663080824	0.00365731606840232	0.000443374714973398
mpagomiscuentas_lag2	0.000225274897029162	0.000557821428468439	0.00133012414492019
Visa_Fvencimiento_delta2	0.000221896358818065	0.000218607596993316	0.000253356979984799
ccuenta_debitos_automaticos_tend6	0.000221528256900312	0.00320465505376562	0.000506713959969597
ctarjeta_debito_transacciones_lag1	0.00021846837550204	0.000885003808466037	0.000886749429946795
Visa_mpagosdolares_lag1	0.000216344619586334	0.000600819437590978	0.00114010640993159
mprestamos_prendarios_lag1	0.000215148574550654	0.00255681936673601	0.000316696224980998
Master_mpagosdolares_delta2	0.000213795932836932	0.000173976752081313	0.000696731694958196
ctransferencias_recibidas_delta2	0.000213640150576362	0.00347757983853461	0.000506713959969597
minversion1_pesos	0.000209733139572405	0.0038964672027857	0.000380035469977198
mextraccion_autoservicio_tend6	0.000209078816003697	0.000737290910744548	0.000696731694958196
Master_Fvencimiento_delta1	0.000205931454584162	0.000359114904453064	0.00120344565492779
mautoservicio_tend6	0.000205809895988458	0.000513441439802158	0.00114010640993159
Visa_mpagado	0.000202245569156697	0.000896370093608751	0.000443374714973398
cproductos_delta1	0.000197638650257454	0.00128143670098465	0.000126678489992399
matm_tend6	0.000195805898257001	0.000428797321053256	0.000696731694958196
Master_mpagospesos_delta2	0.000192923386666829	0.000412616525656105	0.00120344565492779
mcuenta_debitos_automaticos_delta1	0.000191624155350425	0.000879025824673747	0.000570053204965797
ccajas_otras_tend6	0.000190238380313708	0.00296905847292739	0.000443374714973398
ctarjeta_debito_transacciones_delta1	0.000188362114195813	0.00243897198340908	0.000443374714973398
ctarjeta_debito_transacciones_delta2	0.00018629197810893	0.00112126498809101	0.000443374714973398
ccomisiones_mantenimiento_lag2	0.000186236133847488	0.00117928996738999	0.000253356979984799
Visa_msaldodolares	0.000176476373467838	0.0013216554272219	0.000506713959969597
ccomisiones_mantenimiento_delta1	0.000175776288365297	0.00258411105064561	0.000253356979984799
ccallcenter_transacciones_delta1	0.000174236615157585	0.00138906878664924	0.000190017734988599
cmobile_app_trx_lag2	0.000164341767156917	7.19633922824493e-05	0.000190017734988599
ccajas_consultas_delta2	0.000163336987228791	0.000509380633381021	6.33392449961997e-05
mprestamos_prendarios	0.000160789717471286	0.00128560988192311	0.000126678489992399
ctarjeta_master_delta1	0.000157479760156844	0.00056509285430598	0.000126678489992399
mtarjeta_master_consumo_tend6	0.000155043607818295	0.000720352438677625	0.000570053204965797
Master_mpagado_lag1	0.000155042087049012	0.000607542044447494	0.000380035469977198
cextraccion_autoservicio_tend6	0.000148129637937238	0.000580434246111677	0.000633392449961997
ctarjeta_debito_delta2	0.000143795639988367	0.00178828834017803	0.000190017734988599
thomebanking_tend6	0.000139823773466359	0.00175996201614184	0.000380035469977198
ccaja_ahorro_lag1	0.00013721692935643	0.000639180579004127	0.000190017734988599
ccajas_depositos_tend6	0.000131828300577866	0.00185409894386348	0.000253356979984799
Master_mpagospesos_delta1	0.000131600614748679	0.00029810746006071	0.00107676716493539
ccallcenter_transacciones_delta2	0.000131200185183045	0.00201788083001287	0.000380035469977198
mcheques_emitidos	0.000129882194160295	0.00186161838820641	0.000190017734988599
ctarjeta_debito_lag2	0.000128892433617953	0.00120590172871503	0.000316696224980998
mtarjeta_master_consumo	0.000128427007139676	0.000859961885094991	0.000253356979984799
ccomisiones_mantenimiento	0.000126465809674488	0.00194823360139285	0.000190017734988599
mforex_sell_tend6	0.000121800322901602	0.00223551337942666	0.000380035469977198
cliente_edad_delta2	0.000119305924680832	0.0019284556863455	0.000316696224980998
matm_other_tend6	0.000118817940692828	0.000392951552674137	0.000443374714973398
Master_cconsumos_delta1	0.000117456211170565	0.000393221705554146	0.000696731694958196
ctarjeta_master_transacciones_tend6	0.000117186779728065	0.00109538536377271	0.000570053204965797
tcallcenter_tend6	0.000113639653808658	0.000440377004269254	0.000253356979984799
mextraccion_autoservicio_delta2	0.0001061672484392	0.000394435690869982	0.000443374714973398
ccajas_transacciones_tend6	9.91808232526481e-05	0.000738739860960224	0.000190017734988599
ctarjeta_master_transacciones_delta2	9.44059056454463e-05	0.00225823573384688	0.000316696224980998
mtarjeta_visa_descuentos	9.35053531819414e-05	0.00260842197210605	0.000316696224980998
mcuenta_debitos_automaticos_tend6	9.22552354583518e-05	0.000372318342689449	0.000443374714973398
ccomisiones_otras	9.14052665133117e-05	0.000871606836338722	0.000190017734988599
ctransferencias_recibidas_lag2	9.09688677515885e-05	0.000712217772229804	0.000190017734988599
ctransferencias_emitidas_delta1	8.9956839073121e-05	0.00134358718718444	0.000190017734988599
ctarjeta_visa_delta1	8.80886804791824e-05	0.00104648258455855	0.000126678489992399
ctarjeta_debito_transacciones	8.72646752336867e-05	0.000721601611973631	0.000823410184950595
cforex_tend6	8.67929924498082e-05	0.00121369586632251	0.000190017734988599
Visa_mpagado_delta1	8.57224384712538e-05	0.00021517279609035	0.000380035469977198
ccajas_otras_delta2	8.42801468565636e-05	0.000963976419378961	0.000126678489992399
cproductos_lag1	8.2089830927955e-05	0.00132520884567092	0.000190017734988599
mtarjeta_visa_descuentos_tend6	7.85653757221878e-05	0.000662356404330072	0.000190017734988599
ccajas_extracciones_tend6	6.97076910094907e-05	0.00183714741819101	0.000190017734988599
matm_other_delta1	5.79842558291528e-05	0.000390488961610361	0.000253356979984799
mpagomiscuentas_delta1	5.66619060069662e-05	0.000468587548499728	0.000316696224980998
cextraccion_autoservicio	5.37940527732247e-05	1.19894529205481e-05	6.33392449961997e-05
Visa_msaldodolares_lag2	5.2674632739979e-05	0.00017286095258111	0.000253356979984799
ccomisiones_otras_delta2	5.18339645086048e-05	0.000112483486543398	0.000126678489992399
cpagomiscuentas_delta2	4.94842305977814e-05	0.000764257389611621	0.000126678489992399
ccomisiones_mantenimiento_lag1	4.86737212292725e-05	0.000228550471583379	6.33392449961997e-05
catm_trx_other_tend6	4.83775631197169e-05	0.000142564101655444	0.000126678489992399
ccomisiones_otras_lag1	4.69252086888912e-05	0.000272513312420235	0.000190017734988599
cmobile_app_trx_delta1	4.58006755065565e-05	0.000580160120395197	0.000316696224980998
cpagomiscuentas	4.46071535930295e-05	0.00129882240092857	0.000126678489992399
cextraccion_autoservicio_lag1	4.31543547809369e-05	7.11432853252804e-05	0.000126678489992399
matm_other_lag1	4.18140329179571e-05	0.000133694460460541	0.000190017734988599
ccallcenter_transacciones_lag1	3.80314106957588e-05	0.00129882240092857	0.000126678489992399
ctarjeta_master_debitos_automaticos_tend6	3.61092720460821e-05	0.000498601192939839	0.000126678489992399
cliente_edad_tend6	3.57578443572346e-05	0.000695626639580034	0.000190017734988599
minversion2_delta1	3.29211071350327e-05	3.57907162165967e-05	0.000126678489992399
cforex_sell_tend6	2.91614250733905e-05	0.000619516173570227	6.33392449961997e-05
ctransferencias_emitidas_delta2	2.87776198666953e-05	0.00051509924770658	6.33392449961997e-05
catm_trx_other_delta2	2.84238939360808e-05	8.89098100223142e-05	6.33392449961997e-05
ctarjeta_visa_debitos_automaticos_lag2	2.79750977743631e-05	5.84818554931144e-05	0.000190017734988599
cdescubierto_preacordado_tend6	2.58754775892237e-05	0.000591393599290175	6.33392449961997e-05
ctransferencias_recibidas_lag1	2.27438523076954e-05	2.07796373860369e-05	6.33392449961997e-05
mtarjeta_visa_descuentos_lag2	2.21576943327496e-05	0.000107722893355348	6.33392449961997e-05
mttarjeta_master_debitos_automaticos_delta2	2.07838388206419e-05	4.59146386401109e-05	6.33392449961997e-05
cextraccion_autoservicio_delta1	1.91353019391923e-05	2.22013452944853e-05	6.33392449961997e-05
catm_trx_lag2	1.73797212148712e-05	0.000337016852906818	0.000126678489992399
cpagomiscuentas_lag2	1.38290609022654e-05	3.60183029915619e-05	6.33392449961997e-05
mttarjeta_master_debitos_automaticos_lag1	1.36708720762982e-05	0.000649411200464283	6.33392449961997e-05
tcuentas_lag1	1.32369830366471e-05	0.00015459725577717	6.33392449961997e-05
cextraccion_autoservicio_lag2	1.16982811583644e-05	0.000475854433952731	6.33392449961997e-05
ccajas_consultas_delta1	1.16243970281056e-05	0.000579483603099042	6.33392449961997e-05
matm_delta1	1.3629867680928e-06	2.15418544403467e-05	6.33392449961997e-05
