fecha	cp	minsplit	minbucket	maxdepth	xval_folds	ganancia	iteracion
20230424 225056	-0.144174626744643	6861.92451440924	2050.61414582605	12	5	40557000	1
20230424 225109	-0.805159740212548	5360.3669000777	1335.32500242916	10	5	40122000	2
20230424 225125	-0.363558041088981	5847.3699902918	912.053101255369	18	5	41694000	3
20230424 225132	-0.383298760173784	3708.00383783897	269.969763116183	3	5	45309000	4
20230424 225145	-0.70606137507275	6078.37898293554	2639.12537668334	10	5	42417000	5
20230424 225155	-0.0553258731495588	7500.86011672049	165.060999823734	6	5	34680000	6
20230424 225205	-0.991761906030297	2339.90783529177	591.491111785683	5	5	41802000	7
20230424 225214	0.0537343258684915	4739.23788521475	1781.35844029059	17	5	0	8
20230424 225226	-0.475093580425406	7512.05276472396	1140.48967242932	9	5	38235000	9
20230424 225239	-0.0723919028002354	6061.74265460611	2434.5372880102	14	5	42642000	10
20230424 225256	-0.950017345119785	3936.65454232237	157.033592526102	15	5	38163000	11
20230424 225305	-0.76154260172043	3728.00017650384	575.247734808084	4	5	46170000	12
20230424 225316	-0.169611239270307	7156.58097261339	1697.60684827827	8	5	41238000	13
20230424 225327	-0.920229226350784	2601.68832264996	596.892087341752	6	5	46560000	14
20230424 225341	-0.323372917242038	6325.16842042895	1708.04246066418	14	5	43047000	15
20230424 225355	-0.0596848659683018	5978.35403927555	1668.04804291646	12	5	43047000	16
20230424 225406	0.0975761200155491	7.20505739312838	1.09465768236211	12	5	0	17
20230424 225415	-0.92597803896321	3222.26948922435	4.64701373136199	3	5	45309000	18
20230424 225424	-0.402374795254357	2826.26660986085	1402.68578847682	3	5	47655000	19
20230424 225433	-0.861163551322357	553.993807112533	275.48801958064	3	5	45756000	20
20230424 225442	-0.678523809051125	1893.31191381908	943.721768036181	3	5	47655000	21
20230424 225452	-0.579955876887991	2865.47471368673	1429.33726712839	3	5	47655000	22
20230424 225504	-0.993749984139943	9.37148106071128	2.92058853157122	6	5	46335000	23
20230424 225514	-0.573434570733894	7536.32472773037	693.829945540558	4	5	45729000	24
20230424 225525	0.0332150653419423	4280.36233880335	2139.14214419427	4	5	0	25
20230424 225533	-0.635833682002003	4485.23624250519	172.201167519894	3	5	45309000	26
20230424 225545	-0.306070259329045	2237.22391839273	1118.34115110252	5	5	41940000	27
20230424 225554	-0.505184505538138	2117.44902453164	636.474450218079	3	5	48102000	28
20230424 225612	-0.583950542626233	2274.2084050722	516.597489922164	14	5	43149000	29
20230424 225621	-0.513323627125881	3841.80027010642	1216.96034459938	3	5	47655000	30
20230424 225630	-0.999970192135816	7995.49411577243	1.52016078138771	4	5	43641000	31
20230424 225639	-0.399096242551411	5994.67542605427	2722.25495252874	3	5	47655000	32
20230424 225648	0.0894433439078504	7995.84114262111	2088.32371934847	3	5	0	33
20230424 225701	-0.923124769211626	19.0323777981452	5.02323489056028	6	5	45996000	34
20230424 225710	-0.559996886951325	6255.16249767892	3124.64535667595	3	5	47655000	35
20230424 225719	-0.909307975883791	7999.24673286437	2240.73143362984	3	5	47655000	36
20230424 225728	-0.892456703723903	7999.87518148459	264.722147732082	3	5	45309000	37
20230424 225738	-0.888491865823098	3536.237894985	1767.32592280676	3	5	47655000	38
20230424 225747	-0.730287118445839	193.99458913481	96.119842273882	3	5	45630000	39
20230424 225757	-0.541654277973435	248.440730767074	123.734963910957	3	5	45630000	40
20230424 225805	-0.620139121521692	7997.5110478658	3687.75255906427	3	5	47655000	41
20230424 225814	-0.435247340500846	4095.49611798486	2044.18287257201	3	5	47655000	42
20230424 225824	-0.349204730239767	7820.67566679001	3746.34791836679	3	5	47655000	43
20230424 225835	-0.908223473366233	7994.65411666149	3996.39146465558	5	5	41802000	44
20230424 225844	-0.365201517882874	4979.87885839812	2475.90053823491	3	5	47655000	45
20230424 225853	-0.600929739112925	5500.64322141988	2746.65365513761	3	5	47655000	46
20230424 225902	-0.669484952673056	7665.03287545291	1990.36376887596	3	5	47655000	47
20230424 225911	-0.660577960551082	4767.78620263284	2377.68220612464	3	5	47655000	48
20230424 225921	-0.26595408260739	7984.92178088062	3989.1327978758	3	5	47655000	49
20230424 225935	-0.254273251025547	7992.98358814722	3984.15271161758	20	5	39627000	50
20230424 225944	-0.71536457967724	3119.19991627467	1552.46780305946	3	5	47655000	51
20230424 225953	-0.304562923841024	7679.35039267569	3833.01895634031	3	5	47655000	52
20230424 230002	-0.277276795210843	7995.67051902876	2048.73022624924	3	5	47655000	53
20230424 230011	-0.913345175823372	6386.04102991942	1482.05370962489	3	5	47655000	54
20230424 230020	-0.512335047106174	2619.02346923225	1305.92928384133	3	5	47655000	55
20230424 230029	-0.680105092597487	7992.83301683349	3977.2850659994	3	5	47655000	56
20230424 230038	-0.745116753403329	7999.3910093125	2515.78068270531	3	5	47655000	57
20230424 230048	-0.583165514429916	7978.24349412814	3920.15264435185	3	5	47655000	58
20230424 230104	-0.606876204664532	7507.06767551323	3160.09640302344	19	5	38928000	59
20230424 230114	-0.453293552169533	1007.20839106183	502.661332024797	3	5	48102000	60
20230424 230127	-0.705033542093299	2594.03703318605	855.344166634903	7	5	46635000	61
20230424 230136	-0.276582780951437	6307.7283747917	3138.95764128577	3	5	47655000	62
20230424 230145	-0.475752264300762	1960.36136927088	829.994795792412	3	5	47517000	63
20230424 230155	-0.428368549881454	1547.56108055357	771.704274605754	3	5	47517000	64
20230424 230203	-0.69434271085739	7992.18595412655	2722.93931938822	3	5	47655000	65
20230424 230212	-0.6581583664646	7995.73624460192	3268.5094501952	3	5	47655000	66
20230424 230222	-0.567742483626489	4349.98672887033	2160.57465331383	3	5	47655000	67
20230424 230231	-0.843016476211536	4246.87211027669	2082.66426364851	3	5	47655000	68
20230424 230252	-0.433953989036075	7978.65774912068	5.30601431504452	20	5	35649000	69
20230424 230304	-0.276828829254432	7994.27942827715	3159.72077730217	6	5	38928000	70
20230424 230313	-0.220388271618609	7186.32796460094	1596.43557263148	3	5	47655000	71
20230424 230335	-0.400784964906476	16.1749567760622	6.19453245171024	14	5	40218000	72
20230424 230344	-0.253239705743681	6107.3098234445	1677.61309041234	3	5	47655000	73
20230424 230400	-0.999857956830368	90.089465034409	6.34241012820995	9	5	50691000	74
20230424 230414	-0.999598397212917	7998.0658351408	31.0749761418484	9	5	34806000	75
20230424 230441	-0.74111123745726	3.96271321760018	1.77424803374186	18	5	32208000	76
20230424 230455	-0.413463858897593	7980.07198089644	3987.52094269357	16	5	39627000	77
20230424 230514	-0.99894221501266	10.8360715804449	1.95131536472024	11	5	44814000	78
20230424 230529	-0.999744998314549	14.2857167799407	4.49221246037864	8	5	46650000	79
20230424 230545	-0.676522650494256	658.537551192316	329.045385471231	9	5	44592000	80
20230424 230601	-0.955431207691117	942.187500589177	467.642684062035	9	5	42315000	81
20230424 230614	-0.783582820957025	4099.84537664163	2037.89285115281	6	5	39759000	82
20230424 230627	-0.57381228602803	2010.05673687613	1.06371286628637	7	5	48150000	83
20230424 230644	-0.695979424969923	7990.40999824405	251.162667350377	13	5	34839000	84
20230424 230658	-0.448215879081259	27.4340284639472	10.8520642680332	7	5	46797000	85
20230424 230711	-0.502710191452905	1669.74887150574	6.55010440950753	6	5	45993000	86
20230424 230725	-0.999795954420831	7410.57041263158	3697.5198199594	20	5	41895000	87
20230424 230739	-0.0628709729327783	7993.05465403295	3986.4862054638	11	5	39627000	88
20230424 230756	-0.568435103700985	2505.90528701251	1245.71744141776	11	5	44523000	89
20230424 230823	-0.999970093962822	24.7517758496145	4.20156466249817	20	5	32388000	90
20230424 230837	-0.999938034146072	7998.92214006414	3994.05638729888	17	5	39627000	91
20230424 230852	-0.83625162432065	7967.41443126894	3982.15276927374	20	5	39627000	92
20230424 230909	-0.521493057895491	3486.32889911967	1741.29739861988	16	5	40557000	93
20230424 230926	-0.086116060670576	7994.02644444992	33.6258886962113	13	5	34257000	94
20230424 230940	-0.219109902378262	57.4902514879242	5.19503619519676	7	5	46920000	95
20230424 230953	-0.234289514945982	4914.59489170265	2.4896476282362	7	5	41124000	96
20230424 231009	-0.301316233495448	62.2885923600812	22.7840111766211	9	5	51024000	97
20230424 231027	-0.341163345437467	264.952530947752	131.066337424206	10	5	43650000	98
20230424 231042	-0.291847019956718	23.0233251654172	8.59031352306793	8	5	49335000	99
20230424 231059	-0.230516935438349	67.6175482333189	31.6052707586528	9	5	48567000	100
20230424 231117	-0.293786249792258	2155.91229978408	1076.30096170817	9	5	43791000	101
20230424 231131	-0.551631570601732	6857.27777223825	3427.25632351147	14	5	41766000	102
20230424 231148	-0.505387770495006	22.4194106728255	1.98838799167234	9	5	49059000	103
20230424 231215	-0.310410353662819	9.35329313586236	3.36685898175134	20	5	26688000	104
20230424 231228	-0.680362312592445	7941.18372841895	3.31258582251998	7	5	36336000	105
20230424 231238	-0.234536090272876	30.1105720646683	13.251490901904	3	5	45630000	106
20230424 231253	-0.627603272136953	13.996116231416	4.04199942100222	7	5	46503000	107
20230424 231308	-0.773575936074118	5649.10848289571	2823.00457451643	15	5	42288000	108
20230424 231317	-0.999344578126292	7919.20356080529	3958.18451460712	3	5	47655000	109
20230424 231331	-0.999904490313654	7402.28082083331	3681.63360581433	13	5	41751000	110
20230424 231348	-0.737492397760385	4082.9600030844	2040.56074679866	12	5	40152000	111
20230424 231404	-0.362774230702748	7.17262233448623	2.40630693369844	9	5	48669000	112
20230424 231420	-0.253724924565478	5634.5971657916	2816.82961703796	15	5	42294000	113
20230424 231429	-0.875426335462031	7539.75648273641	3767.86277915877	3	5	47655000	114
20230424 231444	-0.580874833584972	2968.18210887501	1480.57876340288	9	5	41847000	115
20230424 231458	-0.0773459277300009	7998.00849374969	8.07671479122295	9	5	36408000	116
20230424 231519	-0.999269545665451	7998.64052067732	4.32866199209519	19	5	35706000	117
20230424 231536	-0.997509278190602	1884.9981489188	32.2378503145142	10	5	44757000	118
20230424 231550	-0.389491516651496	7989.49592365756	3994.49892009677	19	5	39627000	119
20230424 231609	-0.473425123131341	6755.72949521349	1.17825845869229	15	5	40527000	120
20230424 231624	-0.863152693344808	7788.70256973849	3869.97097622899	14	5	39627000	121
20230424 231642	-0.505213318466018	2728.69993092616	1.36416762772614	12	5	49104000	122
20230424 231659	-0.480070269456493	3608.04202160777	1801.11900588114	13	5	41625000	123
20230424 231719	-0.534908226383724	161.847301603467	11.1803757841467	12	5	50427000	124
20230424 231737	-0.507366384799088	32.3550164255044	1.00501766361671	11	5	47142000	125
20230424 231755	-0.546680048679204	5001.11761478386	1.40530797895534	12	5	41922000	126
20230424 231814	-0.499393668780151	473.667652989479	2.33195646577959	12	5	51837000	127
20230424 231834	-0.472466423058451	13.5027313548105	3.75591156435585	12	5	46914000	128
20230424 231850	-0.916470284395226	5181.00355766858	2590.03247902807	18	5	40977000	129
20230424 231909	-0.516654369042648	1110.38947773844	3.46049273699797	12	5	53115000	130
20230424 231925	-0.485922407226365	5264.66583185295	2631.26625408952	20	5	40977000	131
20230424 231948	-0.755438208807935	5004.81604272181	3.37483144093763	20	5	39225000	132
20230424 232003	-0.999127682418268	7842.13962806607	3919.0700957256	10	5	39627000	133
20230424 232022	-0.517500789920958	921.481441352178	9.99703826218574	13	5	47955000	134
20230424 232035	-0.512678732821175	7997.65250820646	3988.90623306554	7	5	39627000	135
20230424 232055	-0.804069128348115	7994.21647260939	64.802083516795	17	5	34662000	136
20230424 232110	-0.128275622217537	31.5686536848049	1.12775906546811	8	5	49386000	137
20230424 232126	-0.151368609090579	338.270900087722	49.3823209577584	6	5	44343000	138
20230424 232144	-0.513996507668374	1124.01475744325	561.498538150675	12	5	42774000	139
20230424 232200	-0.126867616065356	1088.1626236072	2.5282276553121	9	5	51594000	140
20230424 232216	-0.120117184036573	5777.05010834617	2884.65305421003	10	5	41973000	141
20230424 232232	-0.999972371866974	7488.98665572488	1700.87083454205	15	5	41238000	142
20230424 232251	-0.581901428826136	1033.94333128522	1.42633181326195	12	5	52056000	143
20230424 232301	-0.256838785254293	7999.84106607434	1.77187014025059	3	5	45309000	144
20230424 232322	-0.530359030874425	2014.22136275411	1.2957383876454	15	5	49272000	145
20230424 232339	-0.999987674008136	5746.87615038992	1583.35314330503	20	5	41463000	146
20230424 232404	-0.539594288585619	2404.91410202298	1.08376269864318	19	5	46623000	147
20230424 232427	-0.551016660857028	5612.97242129661	1.18729835468287	18	5	41679000	148
20230424 232452	-0.999982758979116	2560.17603059942	4.02993784862785	19	5	44301000	149
20230424 232508	-0.299792649753571	661.747853064759	2.12800211039209	9	5	51672000	150
20230424 232523	-0.117684032869108	2240.26798565437	4.05697158803404	9	5	49791000	151
20230424 232537	-0.824299107479916	2201.40617393316	3.12690288311562	7	5	45909000	152
20230424 232551	-0.999894350149973	5866.4911360476	1120.13720116756	7	5	41694000	153
20230424 232609	-0.862150364445923	2921.95651349325	1460.12589366274	20	5	42231000	154
20230424 232629	-0.305301562828751	1668.42584818447	1.6640177565867	12	5	50286000	155
20230424 232638	-0.31709924914631	6854.19073569622	964.700249617156	3	5	47655000	156
20230424 232701	-0.14582769915534	6105.69698381501	1.31605337777244	20	5	42006000	157
20230424 232726	-0.311556397484966	3697.93281106956	1.82728470939145	20	5	45453000	158
20230424 232746	-0.132476410926163	5292.12488203357	5.22872206933718	14	5	39549000	159
20230424 232755	-0.307299555862951	1146.22960272637	1.25677310543506	3	5	45630000	160
20230424 232813	-0.545101146895119	1838.80843342879	1.26414349504522	11	5	49119000	161
20230424 232829	-0.999885757279671	6104.78631008958	2046.10620109775	11	5	42249000	162
20230424 232851	-0.309589048791552	2405.06644314493	1.37851144351091	15	5	48249000	163
20230424 232906	-0.601206225447487	7998.95313674282	3998.84632115424	11	5	39627000	164
20230424 232920	-0.0864580703340959	7992.03127337799	3991.93193133751	14	5	39627000	165
20230424 232930	-0.999981134040653	4885.46472194682	797.740980411821	3	5	47655000	166
