fecha	objective	metric	first_metric_only	boost_from_average	feature_pre_filter	verbosity	max_depth	min_gain_to_split	lambda_l1	lambda_l2	max_bin	num_iterations	force_row_wise	seed	learning_rate	feature_fraction	min_data_in_leaf	num_leaves	envios	ganancia	iteracion
20230419 120146	binary	custom	TRUE	TRUE	FALSE	-100	-1	0	0	0	31	132	TRUE	394943	0.139308606915525	0.707289617639035	4123	658	10920	65400000	1
20230419 120212	binary	custom	TRUE	TRUE	FALSE	-100	-1	0	0	0	31	113	TRUE	394943	0.123070571525255	0.490184937417507	3199	356	7643	62160000	2
20230419 120240	binary	custom	TRUE	TRUE	FALSE	-100	-1	0	0	0	31	143	TRUE	394943	0.150114510037354	0.443856521761045	5692	529	9904	64020000	3
20230419 120401	binary	custom	TRUE	TRUE	FALSE	-100	-1	0	0	0	31	743	TRUE	394943	0.0299229180238908	0.789327630922198	7076	690	6961	60120000	4
20230419 120418	binary	custom	TRUE	TRUE	FALSE	-100	-1	0	0	0	31	85	TRUE	394943	0.225497148549766	0.677354184351862	2711	941	5015	51915000	5
20230419 120435	binary	custom	TRUE	TRUE	FALSE	-100	-1	0	0	0	31	90	TRUE	394943	0.104288856109604	0.913378804698586	6086	491	12842	65040000	6
20230419 120511	binary	custom	TRUE	TRUE	FALSE	-100	-1	0	0	0	31	183	TRUE	394943	0.0928407302923733	0.438814614210278	3653	758	8359	64095000	7
20230419 120529	binary	custom	TRUE	TRUE	FALSE	-100	-1	0	0	0	31	63	TRUE	394943	0.250408423840767	0.37463728797622	1697	412	14156	63975000	8
20230419 120607	binary	custom	TRUE	TRUE	FALSE	-100	-1	0	0	0	31	130	TRUE	394943	0.0675430344929919	0.605549433445558	2155	252	14783	65820000	9
20230419 120645	binary	custom	TRUE	TRUE	FALSE	-100	-1	0	0	0	31	236	TRUE	394943	0.074357706752955	0.343506501959637	6619	993	13909	64845000	10
20230419 120658	binary	custom	TRUE	TRUE	FALSE	-100	-1	0	0	0	31	38	TRUE	394943	0.279755131331971	0.551818709596992	3283	419	7011	59490000	11
20230419 120713	binary	custom	TRUE	TRUE	FALSE	-100	-1	0	0	0	31	65	TRUE	394943	0.171950164623675	0.80740827312693	4459	186	6378	58875000	12
20230419 120728	binary	custom	TRUE	TRUE	FALSE	-100	-1	0	0	0	31	46	TRUE	394943	0.196817118772538	0.992220070678741	1526	578	11728	65625000	13
20230419 120754	binary	custom	TRUE	TRUE	FALSE	-100	-1	0	0	0	31	139	TRUE	394943	0.16057261186	0.220551400044933	1047	65	5531	55770000	14
20230419 120808	binary	custom	TRUE	TRUE	FALSE	-100	-1	0	0	0	31	58	TRUE	394943	0.294680771705229	0.285317066973075	7847	139	12324	63480000	15
20230419 121156	binary	custom	TRUE	TRUE	FALSE	-100	-1	0	0	0	31	240	TRUE	394943	0.0117814685686026	0.753818720486015	303	844	11069	67365000	16
20230419 121208	binary	custom	TRUE	TRUE	FALSE	-100	-1	0	0	0	31	54	TRUE	394943	0.228600093191606	0.849026239402592	7283	901	8628	63045000	17
20230419 121224	binary	custom	TRUE	TRUE	FALSE	-100	-1	0	0	0	31	88	TRUE	394943	0.261043104929035	0.937411035904661	5056	113	13009	63825000	18
20230419 121256	binary	custom	TRUE	TRUE	FALSE	-100	-1	0	0	0	31	109	TRUE	394943	0.205182584434282	0.253927409006283	406	800	9157	63015000	19
20230419 121347	binary	custom	TRUE	TRUE	FALSE	-100	-1	0	0	0	31	319	TRUE	394943	0.0474569093234604	0.590934058530256	5501	316	10286	64905000	20
20230419 122003	binary	custom	TRUE	TRUE	FALSE	-100	-1	0	0	0	31	407	TRUE	394943	0.0100148201637976	0.688199744347844	5	961	12058	66075000	21
20230419 122459	binary	custom	TRUE	TRUE	FALSE	-100	-1	0	0	0	31	469	TRUE	394943	0.0101923882102114	0.995237338217609	209	334	11036	68055000	22
20230419 123520	binary	custom	TRUE	TRUE	FALSE	-100	-1	0	0	0	31	1497	TRUE	394943	0.0101814373785134	0.999828233709069	37	670	10621	66900000	23
20230419 123653	binary	custom	TRUE	TRUE	FALSE	-100	-1	0	0	0	31	419	TRUE	394943	0.0100827969931352	0.885992099246813	14	51	11371	66810000	24
20230419 123957	binary	custom	TRUE	TRUE	FALSE	-100	-1	0	0	0	31	945	TRUE	394943	0.0107585274219111	0.880652387620114	1373	420	11176	67035000	25
20230419 124431	binary	custom	TRUE	TRUE	FALSE	-100	-1	0	0	0	31	676	TRUE	394943	0.0252222126000567	0.999301877757519	1	1024	14993	61950000	26
20230419 124548	binary	custom	TRUE	TRUE	FALSE	-100	-1	0	0	0	31	200	TRUE	394943	0.0484014827257121	0.653601117110758	1	350	11034	65430000	27
20230419 124937	binary	custom	TRUE	TRUE	FALSE	-100	-1	0	0	0	31	1384	TRUE	394943	0.010349218816515	0.426186894000856	7862	23	14999	64455000	28
20230419 125225	binary	custom	TRUE	TRUE	FALSE	-100	-1	0	0	0	31	1371	TRUE	394943	0.0101380175921382	0.999382124130006	6610	900	11146	64965000	29
20230419 125536	binary	custom	TRUE	TRUE	FALSE	-100	-1	0	0	0	31	787	TRUE	394943	0.0103705573668786	0.99981368988415	939	167	10934	67410000	30
20230419 125946	binary	custom	TRUE	TRUE	FALSE	-100	-1	0	0	0	31	1883	TRUE	394943	0.0100807827235241	0.21339367427753	4040	1022	11162	66720000	31
20230419 130305	binary	custom	TRUE	TRUE	FALSE	-100	-1	0	0	0	31	486	TRUE	394943	0.011186495315135	0.999844960607449	10	292	11416	65955000	32
20230419 130331	binary	custom	TRUE	TRUE	FALSE	-100	-1	0	0	0	31	149	TRUE	394943	0.146120505560157	0.218579014834093	3689	1024	12177	64755000	33
20230419 130540	binary	custom	TRUE	TRUE	FALSE	-100	-1	0	0	0	31	424	TRUE	394943	0.0101905314725699	0.268567759634079	19	132	11037	66015000	34
20230419 130719	binary	custom	TRUE	TRUE	FALSE	-100	-1	0	0	0	31	486	TRUE	394943	0.0175975251373652	0.517985347354117	2749	20	13610	67770000	35
20230419 131238	binary	custom	TRUE	TRUE	FALSE	-100	-1	0	0	0	31	1918	TRUE	394943	0.0100488760394839	0.373934900976606	1936	20	13015	68595000	36
20230419 131507	binary	custom	TRUE	TRUE	FALSE	-100	-1	0	0	0	31	1103	TRUE	394943	0.0102188124729194	0.703965551592446	405	19	13121	68640000	37
20230419 131919	binary	custom	TRUE	TRUE	FALSE	-100	-1	0	0	0	31	862	TRUE	394943	0.0100121918472111	0.456412595146492	1399	446	13185	68685000	38
20230419 132237	binary	custom	TRUE	TRUE	FALSE	-100	-1	0	0	0	31	674	TRUE	394943	0.0102732993313817	0.23708802573339	607	106	13261	69180000	39
20230419 132308	binary	custom	TRUE	TRUE	FALSE	-100	-1	0	0	0	31	103	TRUE	394943	0.0672617855470265	0.304399234985186	799	89	13264	67380000	40
20230419 132633	binary	custom	TRUE	TRUE	FALSE	-100	-1	0	0	0	31	643	TRUE	394943	0.0100176228146265	0.231390099153137	11	301	13018	66675000	41
20230419 132915	binary	custom	TRUE	TRUE	FALSE	-100	-1	0	0	0	31	639	TRUE	394943	0.010012530663178	0.436934405771766	1495	157	13337	68115000	42
20230419 133214	binary	custom	TRUE	TRUE	FALSE	-100	-1	0	0	0	31	1210	TRUE	394943	0.0106642744506478	0.215465469447406	3373	795	13193	65910000	43
20230419 133527	binary	custom	TRUE	TRUE	FALSE	-100	-1	0	0	0	31	825	TRUE	394943	0.0100117912271	0.846251811032776	905	499	13694	68490000	44
20230419 133842	binary	custom	TRUE	TRUE	FALSE	-100	-1	0	0	0	31	1481	TRUE	394943	0.0101047370904337	0.282085625435626	36	16	13506	66525000	45
20230419 134203	binary	custom	TRUE	TRUE	FALSE	-100	-1	0	0	0	31	896	TRUE	394943	0.0100274381451067	0.204038248527664	600	563	13192	67230000	46
20230419 134509	binary	custom	TRUE	TRUE	FALSE	-100	-1	0	0	0	31	1328	TRUE	394943	0.0102393426740882	0.266008718974431	3718	16	11564	66360000	47
20230419 134701	binary	custom	TRUE	TRUE	FALSE	-100	-1	0	0	0	31	492	TRUE	394943	0.0100196135131996	0.904727865004154	578	60	12062	68700000	48
20230419 135020	binary	custom	TRUE	TRUE	FALSE	-100	-1	0	0	0	31	1221	TRUE	394943	0.010023732518562	0.201800953852274	2367	328	12798	66975000	49
20230419 135419	binary	custom	TRUE	TRUE	FALSE	-100	-1	0	0	0	31	1507	TRUE	394943	0.0100194006874569	0.995378939816217	1738	934	13241	67080000	50
20230419 135651	binary	custom	TRUE	TRUE	FALSE	-100	-1	0	0	0	31	1106	TRUE	394943	0.0100062672238701	0.660275215781705	5039	1012	13230	66870000	51
20230419 140039	binary	custom	TRUE	TRUE	FALSE	-100	-1	0	0	0	31	1764	TRUE	394943	0.0104154594872337	0.997670411599799	3247	427	12846	67545000	52
20230419 140526	binary	custom	TRUE	TRUE	FALSE	-100	-1	0	0	0	31	1909	TRUE	394943	0.0104583896306984	0.433530393099578	4541	446	14997	65415000	53
20230419 140743	binary	custom	TRUE	TRUE	FALSE	-100	-1	0	0	0	31	740	TRUE	394943	0.0103310214900423	0.945068737002648	332	68	9450	67290000	54
20230419 140757	binary	custom	TRUE	TRUE	FALSE	-100	-1	0	0	0	31	63	TRUE	394943	0.214962646052451	0.99679767669981	7990	1024	14998	62895000	55
20230419 141020	binary	custom	TRUE	TRUE	FALSE	-100	-1	0	0	0	31	985	TRUE	394943	0.0108119396567155	0.997998791221037	3999	1014	13977	67035000	56
20230419 141353	binary	custom	TRUE	TRUE	FALSE	-100	-1	0	0	0	31	768	TRUE	394943	0.0100600077183934	0.415820493788785	686	286	12945	68325000	57
20230419 141725	binary	custom	TRUE	TRUE	FALSE	-100	-1	0	0	0	31	1673	TRUE	394943	0.0103187765662059	0.20172020708596	512	25	12936	68475000	58
20230419 142006	binary	custom	TRUE	TRUE	FALSE	-100	-1	0	0	0	31	891	TRUE	394943	0.0100770279167899	0.218566112777288	968	59	14939	67035000	59
20230419 142235	binary	custom	TRUE	TRUE	FALSE	-100	-1	0	0	0	31	575	TRUE	394943	0.0102795148974449	0.869883997697113	1193	278	13479	68415000	60
20230419 142522	binary	custom	TRUE	TRUE	FALSE	-100	-1	0	0	0	31	909	TRUE	394943	0.0101683699136897	0.856830017299263	1748	575	13396	67815000	61
20230419 142805	binary	custom	TRUE	TRUE	FALSE	-100	-1	0	0	0	31	1103	TRUE	394943	0.0103733533944414	0.996911535675473	2240	33	12803	67680000	62
20230419 143058	binary	custom	TRUE	TRUE	FALSE	-100	-1	0	0	0	31	839	TRUE	394943	0.0100969793997742	0.942990884928314	1333	803	13444	67800000	63
20230419 143305	binary	custom	TRUE	TRUE	FALSE	-100	-1	0	0	0	31	990	TRUE	394943	0.0108880725791812	0.941415570858587	3195	17	14966	66825000	64
20230419 143540	binary	custom	TRUE	TRUE	FALSE	-100	-1	0	0	0	31	995	TRUE	394943	0.0123479611101531	0.319788158123146	5511	750	14988	65205000	65
20230419 143813	binary	custom	TRUE	TRUE	FALSE	-100	-1	0	0	0	31	1190	TRUE	394943	0.0100649564648645	0.86711929610743	3003	19	11895	68115000	66
20230419 144144	binary	custom	TRUE	TRUE	FALSE	-100	-1	0	0	0	31	1329	TRUE	394943	0.0105494202757662	0.230385582451533	1835	670	12679	67935000	67
20230419 144432	binary	custom	TRUE	TRUE	FALSE	-100	-1	0	0	0	31	1255	TRUE	394943	0.0101582282477528	0.999367368887242	4658	867	11472	67590000	68
20230419 144445	binary	custom	TRUE	TRUE	FALSE	-100	-1	0	0	0	31	69	TRUE	394943	0.252989548839729	0.97876128507659	6818	27	14982	63780000	69
20230419 144822	binary	custom	TRUE	TRUE	FALSE	-100	-1	0	0	0	31	1688	TRUE	394943	0.0111899785607158	0.200503240512226	4823	1022	11126	65745000	70
20230419 144846	binary	custom	TRUE	TRUE	FALSE	-100	-1	0	0	0	31	115	TRUE	394943	0.0998203435079517	0.998207419374705	5402	1023	11775	66795000	71
20230419 144856	binary	custom	TRUE	TRUE	FALSE	-100	-1	0	0	0	31	28	TRUE	394943	0.299885172869382	0.995637124096296	626	32	13597	63255000	72
20230419 145109	binary	custom	TRUE	TRUE	FALSE	-100	-1	0	0	0	31	1052	TRUE	394943	0.0106044484045099	0.985333638854487	3453	17	11109	67605000	73
20230419 145334	binary	custom	TRUE	TRUE	FALSE	-100	-1	0	0	0	31	979	TRUE	394943	0.0100419976795882	0.913232257820682	4368	995	12461	67380000	74
20230419 145349	binary	custom	TRUE	TRUE	FALSE	-100	-1	0	0	0	31	60	TRUE	394943	0.151966570947913	0.988778680857879	4763	1017	14962	64680000	75
20230419 145618	binary	custom	TRUE	TRUE	FALSE	-100	-1	0	0	0	31	1087	TRUE	394943	0.0103978344018164	0.996268560338809	5156	1004	9753	64950000	76
20230419 145851	binary	custom	TRUE	TRUE	FALSE	-100	-1	0	0	0	31	1063	TRUE	394943	0.010420366352572	0.995604395635162	3923	340	12152	67350000	77
20230419 145905	binary	custom	TRUE	TRUE	FALSE	-100	-1	0	0	0	31	44	TRUE	394943	0.299091672776038	0.875234488269946	6390	1014	11984	66180000	78
20230419 150223	binary	custom	TRUE	TRUE	FALSE	-100	-1	0	0	0	31	1010	TRUE	394943	0.0111233959559914	0.355038465515307	1445	1021	12968	68385000	79
20230419 150254	binary	custom	TRUE	TRUE	FALSE	-100	-1	0	0	0	31	45	TRUE	394943	0.292921413293055	0.998096381594764	265	1024	10677	63255000	80
20230419 150403	binary	custom	TRUE	TRUE	FALSE	-100	-1	0	0	0	31	302	TRUE	394943	0.0246248669561831	0.334692434337529	1940	1015	14059	66915000	81
20230419 150632	binary	custom	TRUE	TRUE	FALSE	-100	-1	0	0	0	31	964	TRUE	394943	0.0100161887613603	0.923180812978213	3702	653	11349	67005000	82
20230419 150650	binary	custom	TRUE	TRUE	FALSE	-100	-1	0	0	0	31	114	TRUE	394943	0.119963688756895	0.982161381754575	3172	16	12739	67275000	83
20230419 151014	binary	custom	TRUE	TRUE	FALSE	-100	-1	0	0	0	31	1615	TRUE	394943	0.0116194193580315	0.203986462290934	5969	17	13207	65145000	84
20230419 151344	binary	custom	TRUE	TRUE	FALSE	-100	-1	0	0	0	31	1106	TRUE	394943	0.0100732854080222	0.249920902468563	1163	356	13305	68445000	85
20230419 151755	binary	custom	TRUE	TRUE	FALSE	-100	-1	0	0	0	31	143	TRUE	394943	0.0101792298161433	0.8993639938523	137	994	7416	62475000	86
20230419 152237	binary	custom	TRUE	TRUE	FALSE	-100	-1	0	0	0	31	1524	TRUE	394943	0.0100014541265242	0.490529488931428	1899	796	12551	68190000	87
20230419 152508	binary	custom	TRUE	TRUE	FALSE	-100	-1	0	0	0	31	335	TRUE	394943	0.01037850233413	0.783803372175945	549	406	12986	68685000	88
20230419 152751	binary	custom	TRUE	TRUE	FALSE	-100	-1	0	0	0	31	668	TRUE	394943	0.0100172987830417	0.619014661480342	1220	623	13189	68325000	89
20230419 153016	binary	custom	TRUE	TRUE	FALSE	-100	-1	0	0	0	31	490	TRUE	394943	0.0100142245001137	0.864715860863417	543	120	13274	68670000	90
20230419 153324	binary	custom	TRUE	TRUE	FALSE	-100	-1	0	0	0	31	971	TRUE	394943	0.0100278918853491	0.484137708569352	3932	971	11981	66660000	91
20230419 153609	binary	custom	TRUE	TRUE	FALSE	-100	-1	0	0	0	31	1554	TRUE	394943	0.0100764438793176	0.757969493056776	715	19	13231	68550000	92
20230419 153911	binary	custom	TRUE	TRUE	FALSE	-100	-1	0	0	0	31	906	TRUE	394943	0.0105810078271899	0.364691165007965	1834	413	13008	67785000	93
20230419 154212	binary	custom	TRUE	TRUE	FALSE	-100	-1	0	0	0	31	1751	TRUE	394943	0.012790141477909	0.812506630013195	431	29	10896	68595000	94
20230419 154445	binary	custom	TRUE	TRUE	FALSE	-100	-1	0	0	0	31	1106	TRUE	394943	0.0100253901902847	0.998905289963449	5070	687	13184	66900000	95
20230419 154842	binary	custom	TRUE	TRUE	FALSE	-100	-1	0	0	0	31	1469	TRUE	394943	0.0100635373063037	0.222580099343226	1550	893	12469	67845000	96
20230419 155039	binary	custom	TRUE	TRUE	FALSE	-100	-1	0	0	0	31	1028	TRUE	394943	0.0170680349116461	0.973177382266015	7998	17	10007	63945000	97
20230419 155351	binary	custom	TRUE	TRUE	FALSE	-100	-1	0	0	0	31	1486	TRUE	394943	0.0100622037427115	0.208190968960279	2240	16	11617	66675000	98
20230419 155622	binary	custom	TRUE	TRUE	FALSE	-100	-1	0	0	0	31	884	TRUE	394943	0.0164601434004945	0.331431657422289	2160	1024	11230	67110000	99
20230419 155643	binary	custom	TRUE	TRUE	FALSE	-100	-1	0	0	0	31	90	TRUE	394943	0.159846573925809	0.238791759704141	8000	18	5006	52785000	100
20230419 155656	binary	custom	TRUE	TRUE	FALSE	-100	-1	0	0	0	31	52	TRUE	394943	0.299591438877283	0.625647873758917	7179	674	13075	63495000	101
20230419 155858	binary	custom	TRUE	TRUE	FALSE	-100	-1	0	0	0	31	984	TRUE	394943	0.0130148403377851	0.925702708721714	4654	16	12929	68265000	102
20230419 160123	binary	custom	TRUE	TRUE	FALSE	-100	-1	0	0	0	31	1111	TRUE	394943	0.0101861832480519	0.661284353815209	3404	18	12852	67410000	103
20230419 160434	binary	custom	TRUE	TRUE	FALSE	-100	-1	0	0	0	31	1664	TRUE	394943	0.0102823572920416	0.998765439462801	5439	16	12131	65970000	104
20230419 160803	binary	custom	TRUE	TRUE	FALSE	-100	-1	0	0	0	31	1047	TRUE	394943	0.0103967299370083	0.914483623282177	1152	461	13167	68265000	105
20230419 161058	binary	custom	TRUE	TRUE	FALSE	-100	-1	0	0	0	31	620	TRUE	394943	0.0100451707970105	0.485493560340279	1283	1022	13099	68955000	106
20230419 161415	binary	custom	TRUE	TRUE	FALSE	-100	-1	0	0	0	31	1144	TRUE	394943	0.010427893252005	0.523127817061495	4602	16	12609	66705000	107
20230419 161648	binary	custom	TRUE	TRUE	FALSE	-100	-1	0	0	0	31	1337	TRUE	394943	0.0102461747035287	0.812933654125429	2060	16	13507	68205000	108
20230419 161906	binary	custom	TRUE	TRUE	FALSE	-100	-1	0	0	0	31	302	TRUE	394943	0.0141314150177328	0.894721242071406	439	306	10986	67605000	109
20230419 162237	binary	custom	TRUE	TRUE	FALSE	-100	-1	0	0	0	31	605	TRUE	394943	0.0102663435863298	0.571680244088984	564	376	13833	68910000	110
20230419 162510	binary	custom	TRUE	TRUE	FALSE	-100	-1	0	0	0	31	664	TRUE	394943	0.0158915705216311	0.496638661733688	1325	1010	12011	67770000	111
20230419 162814	binary	custom	TRUE	TRUE	FALSE	-100	-1	0	0	0	31	1198	TRUE	394943	0.0102584756524053	0.991050810725054	2840	776	11522	67680000	112
20230419 163138	binary	custom	TRUE	TRUE	FALSE	-100	-1	0	0	0	31	844	TRUE	394943	0.0105107501037592	0.4863882312147	1291	830	13655	68235000	113
20230419 163448	binary	custom	TRUE	TRUE	FALSE	-100	-1	0	0	0	31	789	TRUE	394943	0.010417141514037	0.5322570083361	2574	1012	12860	67620000	114
20230419 163802	binary	custom	TRUE	TRUE	FALSE	-100	-1	0	0	0	31	1237	TRUE	394943	0.0100655091453289	0.202428760105424	2916	729	10424	65580000	115
20230419 164048	binary	custom	TRUE	TRUE	FALSE	-100	-1	0	0	0	31	1098	TRUE	394943	0.0100904125512538	0.995169855262172	4522	274	14019	67035000	116
20230419 164349	binary	custom	TRUE	TRUE	FALSE	-100	-1	0	0	0	31	974	TRUE	394943	0.0106053428309127	0.805039250492596	2367	713	13051	67650000	117
20230419 164421	binary	custom	TRUE	TRUE	FALSE	-100	-1	0	0	0	31	58	TRUE	394943	0.072756867518757	0.685505953166381	919	1024	13256	66555000	118
20230419 164657	binary	custom	TRUE	TRUE	FALSE	-100	-1	0	0	0	31	1003	TRUE	394943	0.0106666149017866	0.99995916214286	4122	411	9344	65700000	119
20230419 165027	binary	custom	TRUE	TRUE	FALSE	-100	-1	0	0	0	31	1817	TRUE	394943	0.0106071353069053	0.99746608539087	7258	19	12702	65940000	120
